[9037, 9942, 1.0]
[10240, 10240, 0.0]
[7504, 10240, 0.0]
[8189, 10240, 1.0]
[9842, 10240, 1.0]
[10240, 10240, 1.0]
[10240, 10240, 1.0]
[81, 128, 0.0]
[3749, 10240, 1.0]
[6384, 10240, 1.0]
[3404, 4778, 1.0]
[9936, 10240, 1.0]
[9295, 10240, 1.0]
[6459, 10240, 0.0]
[128, 7516, 1.0]
[10240, 10240, 0.0]
[5992, 6251, 0.0]
[9836, 10240, 1.0]
[178, 10240, 0.0]
[5257, 10240, 0.0]
[4066, 10240, 0.0]
[6286, 10240, 0.0]
[5687, 10240, 1.0]
[10240, 10240, 0.0]
[128, 4634, 1.0]
[10240, 10240, 1.0]
[529, 9339, 0.0]
[5243, 10240, 1.0]
[128, 10240, 1.0]
[10240, 10240, 0.0]
[10240, 10240, 1.0]
[128, 10240, 1.0]
[128, 9372, 1.0]
[6706, 9837, 0.0]
[9647, 10240, 1.0]
[128, 10240, 1.0]
[7803, 10240, 1.0]
[10240, 10240, 1.0]
[2817, 5924, 1.0]
[128, 10240, 0.0]
[10240, 10240, 0.0]
[128, 10240, 0.0]
[10240, 10240, 1.0]
[128, 4460, 1.0]
[8400, 10240, 1.0]
[128, 6584, 0.0]
[7664, 10240, 0.0]
[10056, 10240, 1.0]
[128, 10240, 0.0]
[4136, 10240, 1.0]
[10240, 10240, 1.0]
[8325, 10240, 1.0]
[2, 128, 0.0]
[128, 10240, 1.0]
[208, 7386, 0.0]
[8493, 10240, 1.0]
[128, 2561, 0.0]
[1480, 9476, 1.0]
[10240, 10240, 1.0]
[8492, 10240, 1.0]
[10240, 10240, 0.0]
[10240, 10240, 1.0]
[10240, 10240, 0.0]
[128, 1538, 1.0]
[128, 10240, 1.0]
[128, 10015, 0.0]
[6636, 10187, 0.0]
[128, 6687, 1.0]
[8911, 10240, 1.0]
[3564, 10240, 1.0]
[5601, 10240, 0.0]
[10240, 10240, 0.0]
[10240, 10240, 1.0]
[7153, 10240, 1.0]
[128, 10240, 1.0]
[128, 10240, 0.0]
[128, 10240, 0.0]
[1181, 9136, 0.0]
[1683, 10107, 1.0]
[3383, 9045, 1.0]
[128, 7838, 0.0]
[10240, 10240, 1.0]
[3357, 5148, 1.0]
[1360, 10240, 0.0]
[128, 10240, 0.0]
[128, 10240, 1.0]
[10240, 10240, 0.0]
[8490, 10240, 1.0]
[10240, 10240, 1.0]
[128, 6423, 1.0]
[128, 10240, 1.0]
[128, 10240, 1.0]
[1770, 10240, 0.0]
[128, 8341, 0.0]
[4090, 10240, 1.0]
[10240, 10240, 0.0]
[128, 9013, 1.0]
[2498, 8583, 1.0]
[7414, 10240, 1.0]
[10240, 10240, 0.0]
[8411, 10240, 0.0]
[128, 10240, 1.0]
[128, 7340, 0.0]
[10240, 10240, 1.0]
[128, 10190, 1.0]
[10240, 10240, 0.0]
[5897, 10240, 0.0]
[7386, 10240, 1.0]
[128, 10240, 1.0]
[10240, 10240, 0.0]
[2778, 6181, 0.0]
[128, 10240, 0.0]
[6282, 10240, 1.0]
[6150, 10240, 1.0]
[7655, 10240, 1.0]
[128, 6740, 1.0]
[10240, 10240, 0.0]
[10240, 10240, 0.0]
[1244, 10240, 1.0]
[10240, 10240, 1.0]
[10240, 10240, 1.0]
[9970, 10240, 0.0]
[10240, 10240, 1.0]
[2, 10240, 1.0]
[128, 10240, 1.0]
[9538, 10240, 0.0]
[2462, 10240, 0.0]
[1723, 10240, 0.0]
[9479, 10240, 1.0]
[4575, 10240, 1.0]
[1752, 10240, 0.0]
[128, 10240, 1.0]
[2350, 9757, 0.0]
[10240, 10240, 0.0]
[8934, 10240, 0.0]
[4512, 10240, 0.0]
[2, 128, 0.0]
[5649, 10240, 1.0]
[5830, 5867, 0.0]
[9424, 10240, 0.0]
[9031, 10240, 1.0]
[128, 7860, 1.0]
[10240, 10240, 0.0]
[10240, 10240, 0.0]
[2563, 9908, 0.0]
[128, 8331, 1.0]
[10240, 10240, 0.0]
[128, 5589, 1.0]
[128, 10240, 0.0]
[128, 10240, 1.0]
[7666, 10240, 0.0]
[3195, 10240, 0.0]
[128, 10240, 0.0]
[10240, 10240, 0.0]
[128, 10240, 1.0]
[9821, 10240, 1.0]
[128, 10240, 1.0]
[10240, 10240, 0.0]
[10240, 10240, 1.0]
[4542, 5722, 0.0]
[128, 7088, 0.0]
[128, 10240, 0.0]
[7377, 10240, 0.0]
[10240, 10240, 0.0]
[128, 4543, 1.0]
[8289, 10240, 1.0]
[128, 2449, 1.0]
[10240, 10240, 1.0]
[128, 10240, 0.0]
[128, 10240, 1.0]
[128, 5619, 1.0]
[10152, 10240, 0.0]
[8116, 10240, 0.0]
[128, 10240, 0.0]
[10240, 10240, 1.0]
[2, 128, 1.0]
[7053, 9965, 1.0]
[128, 10240, 1.0]
[10240, 10240, 1.0]
[10240, 10240, 0.0]
[128, 3226, 0.0]
[4291, 10240, 1.0]
[10240, 10240, 0.0]
[6379, 10240, 1.0]
[128, 4233, 1.0]
[128, 1371, 0.0]
[10240, 10240, 0.0]
[128, 5422, 0.0]
[5703, 6095, 0.0]
[128, 5559, 1.0]
[6991, 10240, 1.0]
[128, 10240, 0.0]
[1660, 6988, 1.0]
[128, 5686, 0.0]
[8909, 10240, 0.0]
[3701, 10240, 0.0]
[9153, 10240, 1.0]
[988, 10240, 0.0]
[128, 10240, 0.0]
[10240, 10240, 1.0]
[5452, 10240, 1.0]
[10240, 10240, 1.0]
[1992, 10240, 0.0]
[10240, 10240, 0.0]
[4145, 10240, 0.0]
[128, 5467, 1.0]
[8928, 10240, 0.0]
[128, 10240, 1.0]
[128, 10240, 0.0]
[6367, 10240, 0.0]
[128, 10104, 0.0]
[10240, 10240, 0.0]
[128, 9572, 0.0]
[10240, 10240, 0.0]
[128, 4769, 0.0]
[8356, 10240, 0.0]
[7209, 10240, 1.0]
[8701, 10240, 1.0]
[9828, 10240, 1.0]
[2, 10240, 1.0]
[128, 10240, 0.0]
[10240, 10240, 0.0]
[128, 4234, 1.0]
[10240, 10240, 1.0]
[2, 10240, 1.0]
[128, 9251, 1.0]
[128, 8567, 1.0]
[8323, 10094, 1.0]
[2159, 10240, 1.0]
[10240, 10240, 1.0]
[10240, 10240, 1.0]
[2, 10240, 1.0]
[10240, 10240, 1.0]
[10240, 10240, 1.0]
[10240, 10240, 0.0]
[128, 9868, 0.0]
[2266, 10240, 0.0]
[128, 10240, 1.0]
[10240, 10240, 0.0]
[128, 10240, 0.0]
[128, 10240, 0.0]
[6385, 10240, 1.0]
[128, 9441, 1.0]
[128, 10240, 1.0]
[10240, 10240, 1.0]
[1544, 9139, 1.0]
[128, 5624, 1.0]
[128, 10240, 1.0]
[10240, 10240, 1.0]
[7077, 9915, 1.0]
[128, 10240, 1.0]
[6862, 7607, 1.0]
[8507, 10240, 0.0]
[9292, 10240, 0.0]
[10240, 10240, 0.0]
[128, 10240, 0.0]
[128, 3997, 1.0]
[6073, 10240, 0.0]
[128, 8316, 1.0]
[10240, 10240, 0.0]
[128, 767, 0.0]
[128, 2087, 1.0]
[8959, 10240, 1.0]
[10240, 10240, 0.0]
[7904, 10240, 1.0]
[128, 10240, 1.0]
[10240, 10240, 1.0]
[10240, 10240, 0.0]
[2204, 10240, 1.0]
[10240, 10240, 1.0]
[2014, 6275, 1.0]
[8010, 10240, 0.0]
[128, 5475, 1.0]
[6290, 9827, 0.0]
[888, 7582, 0.0]
[10240, 10240, 1.0]
[9612, 10240, 1.0]
[128, 10240, 1.0]
[6690, 10240, 0.0]
[128, 6482, 0.0]
[7829, 10240, 0.0]
[2952, 10240, 1.0]
[5589, 9095, 0.0]
[10240, 10240, 1.0]
[2, 10240, 1.0]
[5768, 10240, 1.0]
[128, 4568, 1.0]
[128, 10240, 0.0]
[1333, 10240, 0.0]
[10240, 10240, 1.0]
[128, 10240, 0.0]
[128, 3882, 1.0]
[4058, 10240, 1.0]
[128, 8798, 1.0]
[128, 10240, 0.0]
[4677, 10240, 1.0]
[10240, 10240, 0.0]
[6084, 10240, 0.0]
[4779, 10240, 1.0]
[10240, 10240, 1.0]
[128, 10240, 0.0]
[10240, 10240, 1.0]
[128, 3284, 0.0]
[6477, 10240, 1.0]
[128, 10240, 1.0]
[5700, 10240, 1.0]
[9956, 10240, 1.0]
[10240, 10240, 0.0]
[128, 10240, 0.0]
[128, 10240, 0.0]
[7840, 10240, 0.0]
[3432, 10240, 0.0]
[4525, 10240, 0.0]
[128, 4196, 0.0]
[128, 9063, 1.0]
[10240, 10240, 0.0]
[10240, 10240, 1.0]
[128, 10240, 1.0]
[5066, 10240, 1.0]
[128, 10129, 1.0]
[1520, 8837, 0.0]
[7741, 10240, 1.0]
[8640, 10037, 0.0]
[128, 4452, 0.0]
[128, 9794, 0.0]
[10240, 10240, 1.0]
[10240, 10240, 1.0]
[869, 10240, 0.0]
[8094, 10240, 0.0]
[128, 10175, 0.0]
[7809, 10240, 1.0]
[128, 10240, 0.0]
[128, 10240, 0.0]
[8699, 10127, 1.0]
[4529, 10240, 1.0]
[128, 10240, 0.0]
[128, 7113, 1.0]
[4526, 10240, 1.0]
[10240, 10240, 1.0]
[5538, 10240, 1.0]
[1858, 7797, 0.0]
[10240, 10240, 0.0]
[10240, 10240, 0.0]
[128, 5695, 0.0]
[128, 10240, 1.0]
[8263, 10240, 1.0]
[128, 6974, 0.0]
[10240, 10240, 0.0]
[128, 7697, 0.0]
[10240, 10240, 1.0]
[128, 10240, 0.0]
[4452, 10240, 0.0]
[128, 10240, 1.0]
[6577, 10240, 0.0]
[128, 8087, 0.0]
[8705, 10240, 0.0]
[2, 10240, 0.0]
[10240, 10240, 1.0]
[10240, 10240, 1.0]
[128, 10240, 0.0]
[5973, 6005, 1.0]
[5249, 10240, 1.0]
[10240, 10240, 1.0]
[10240, 10240, 0.0]
[10240, 10240, 1.0]
[10240, 10240, 0.0]
[10240, 10240, 1.0]
[128, 10240, 1.0]
[128, 10240, 1.0]
[128, 9204, 1.0]
[128, 10240, 0.0]
[3090, 10240, 1.0]
[128, 10240, 0.0]
[10240, 10240, 1.0]
[10240, 10240, 1.0]
[10240, 10240, 1.0]
[128, 10240, 1.0]
[128, 10240, 0.0]
[7376, 10240, 1.0]
[3481, 10240, 1.0]
[7987, 10240, 0.0]
[128, 10240, 0.0]
[10240, 10240, 1.0]
[128, 3118, 0.0]
[5028, 10240, 0.0]
[3381, 10240, 1.0]
[128, 10240, 1.0]
[4882, 9291, 0.0]
[8524, 10240, 0.0]
[3704, 4770, 0.0]
[128, 6912, 0.0]
[128, 8762, 1.0]
[7413, 9652, 0.0]
[128, 10240, 1.0]
[4674, 10240, 1.0]
[128, 10240, 0.0]
[10240, 10240, 0.0]
[128, 9787, 0.0]
[6345, 10240, 1.0]
[7729, 10240, 0.0]
[128, 10240, 1.0]
[9477, 10240, 1.0]
[128, 10240, 1.0]
[128, 10240, 1.0]
[10240, 10240, 0.0]
[10240, 10240, 0.0]
[5087, 10240, 1.0]
[5437, 10240, 0.0]
[2966, 10240, 1.0]
[3422, 10240, 0.0]
[128, 5197, 0.0]
[3670, 9104, 1.0]
[7291, 10240, 1.0]
[128, 6856, 1.0]
[10240, 10240, 1.0]
[128, 7755, 0.0]
[6915, 10240, 0.0]
[10240, 10240, 0.0]
[128, 10240, 1.0]
[10240, 10240, 0.0]
[942, 7139, 1.0]
[9493, 10240, 0.0]
[6936, 10240, 1.0]
[128, 5373, 0.0]
[128, 5297, 1.0]
[10240, 10240, 0.0]
[423, 9590, 0.0]
[8910, 10240, 1.0]
[128, 10240, 1.0]
[6937, 10240, 0.0]
[1474, 8229, 0.0]
[10240, 10240, 1.0]
[2836, 10240, 1.0]
[10240, 10240, 1.0]
[128, 10240, 0.0]
[128, 8416, 0.0]
[7635, 10240, 1.0]
[128, 10240, 1.0]
[6353, 9188, 1.0]
[10240, 10240, 0.0]
[10240, 10240, 0.0]
[7297, 10240, 0.0]
[128, 10240, 0.0]
[1856, 10240, 0.0]
[5486, 10240, 1.0]
[5934, 10240, 1.0]
[128, 9826, 0.0]
[128, 6924, 1.0]
[128, 8233, 0.0]
[10240, 10240, 0.0]
[2544, 10240, 0.0]
[7049, 8598, 0.0]
[128, 7014, 1.0]
[8617, 8739, 1.0]
[3285, 10240, 0.0]
[128, 6379, 1.0]
[128, 10240, 1.0]
[128, 3528, 0.0]
[9923, 10240, 1.0]
[128, 10240, 1.0]
[10240, 10240, 0.0]
[128, 8545, 0.0]
[10240, 10240, 0.0]
[128, 8627, 1.0]
[722, 9725, 0.0]
[10240, 10240, 1.0]
[128, 6379, 1.0]
[7018, 10240, 0.0]
[283, 10240, 1.0]
[2567, 10240, 1.0]
[4740, 10240, 1.0]
[6488, 10240, 1.0]
[128, 10240, 0.0]
[10240, 10240, 0.0]
[4313, 10240, 1.0]
[9211, 10240, 1.0]
[10240, 10240, 1.0]
[128, 10092, 1.0]
[8403, 10240, 1.0]
[128, 8984, 1.0]
[8842, 10240, 1.0]
[2083, 10240, 0.0]
[10240, 10240, 0.0]
[1247, 10240, 0.0]
[10240, 10240, 0.0]
[6542, 10240, 0.0]
[10240, 10240, 0.0]
[2, 10240, 0.0]
[8054, 10240, 0.0]
[6493, 10240, 0.0]
[10240, 10240, 0.0]
[10240, 10240, 0.0]
[5293, 10240, 0.0]
[10240, 10240, 1.0]
[10240, 10240, 0.0]
[7754, 9488, 0.0]
[2, 9936, 1.0]
[795, 10240, 1.0]
[128, 10240, 0.0]
[10240, 10240, 0.0]
[128, 6942, 1.0]
[9373, 10111, 1.0]
[10240, 10240, 0.0]
[128, 10240, 1.0]
[128, 10240, 1.0]
[128, 9870, 1.0]
[10240, 10240, 0.0]
[128, 7550, 1.0]
[5452, 10240, 0.0]
[8230, 10240, 1.0]
[8374, 10240, 1.0]
[2536, 7045, 1.0]
[10240, 10240, 0.0]
[2, 10240, 1.0]
[128, 9559, 1.0]
[10240, 10240, 0.0]
[128, 6622, 1.0]
[6968, 10240, 0.0]
[3765, 10240, 1.0]
[3673, 10095, 1.0]
[128, 10240, 0.0]
[10240, 10240, 1.0]
[10240, 10240, 1.0]
[10240, 10240, 0.0]
[128, 10240, 0.0]
[128, 10240, 0.0]
[10240, 10240, 0.0]
[128, 10240, 1.0]
[9196, 10240, 1.0]
[2, 3869, 0.0]
[9012, 9333, 0.0]
[128, 10240, 0.0]
[10240, 10240, 0.0]
[10240, 10240, 1.0]
[7934, 10240, 0.0]
[5772, 10240, 0.0]
[6203, 10240, 0.0]
[9908, 10240, 1.0]
[3570, 10240, 1.0]
[128, 10240, 1.0]
[128, 8522, 0.0]
[128, 10240, 0.0]
[9761, 10240, 1.0]
[128, 7468, 0.0]
[128, 7901, 1.0]
[3144, 6341, 1.0]
[8341, 10240, 1.0]
[9281, 10240, 0.0]
[9790, 10240, 0.0]
[5970, 10240, 0.0]
[7566, 10240, 0.0]
[128, 9121, 1.0]
[10090, 10240, 0.0]
[2, 10240, 0.0]
[8601, 10240, 0.0]
[10240, 10240, 1.0]
[819, 10240, 1.0]
[10240, 10240, 0.0]
[7010, 8606, 0.0]
[10240, 10240, 1.0]
[9430, 10240, 1.0]
[10240, 10240, 0.0]
[128, 10240, 0.0]
[979, 7535, 0.0]
[10240, 10240, 0.0]
[128, 8077, 0.0]
[10240, 10240, 0.0]
[128, 7814, 0.0]
[10240, 10240, 1.0]
[128, 10240, 1.0]
[10240, 10240, 1.0]
[6490, 10240, 0.0]
[5107, 7397, 0.0]
[128, 6015, 1.0]
[4290, 10240, 0.0]
[3106, 10240, 1.0]
[6191, 10240, 1.0]
[128, 10240, 1.0]
[128, 7360, 1.0]
[10240, 10240, 1.0]
[10240, 10240, 1.0]
[128, 10240, 0.0]
[9707, 10240, 0.0]
[10240, 10240, 1.0]
[128, 9283, 1.0]
[10240, 10240, 1.0]
[9333, 10240, 1.0]
[10240, 10240, 0.0]
[10240, 10240, 0.0]
[2, 10240, 1.0]
[10240, 10240, 0.0]
[2, 10240, 0.0]
[5121, 8721, 0.0]
[7308, 10240, 0.0]
[10240, 10240, 1.0]
[10240, 10240, 0.0]
[10240, 10240, 1.0]
[10240, 10240, 0.0]
[2, 128, 1.0]
[3107, 3136, 1.0]
[575, 7455, 0.0]
[2698, 8774, 0.0]
[8498, 10240, 0.0]
[128, 5282, 1.0]
[128, 10240, 0.0]
[10240, 10240, 0.0]
[10240, 10240, 1.0]
[5054, 10240, 1.0]
[128, 8438, 1.0]
[128, 8944, 1.0]
[9459, 10240, 1.0]
[128, 1002, 1.0]
[3084, 5157, 0.0]
[6691, 10240, 1.0]
[10240, 10240, 1.0]
[128, 10240, 1.0]
[3600, 10240, 0.0]
[3814, 7257, 0.0]
[2100, 10240, 1.0]
[7587, 7987, 0.0]
[10240, 10240, 1.0]
[128, 10240, 0.0]
[10240, 10240, 1.0]
[5370, 10240, 0.0]
[967, 2272, 0.0]
[10240, 10240, 1.0]
[128, 10240, 0.0]
[10240, 10240, 0.0]
[5642, 10240, 0.0]
[128, 7887, 1.0]
[8823, 10240, 0.0]
[128, 9502, 0.0]
[128, 6938, 0.0]
[2582, 6359, 0.0]
[7331, 10240, 0.0]
[10240, 10240, 0.0]
[2990, 5421, 1.0]
[10232, 10240, 0.0]
[10240, 10240, 0.0]
[128, 8804, 0.0]
[3729, 10240, 1.0]
[10240, 10240, 1.0]
[1110, 10240, 1.0]
[128, 7339, 1.0]
[128, 7883, 0.0]
[6835, 9650, 0.0]
[128, 9079, 1.0]
[10240, 10240, 1.0]
[421, 10240, 0.0]
[4695, 9380, 1.0]
[10240, 10240, 0.0]
[9973, 10240, 0.0]
[2, 128, 0.0]
[4489, 10240, 0.0]
[128, 9217, 0.0]
[128, 9817, 0.0]
[6267, 10240, 1.0]
[6316, 7971, 1.0]
[128, 6657, 0.0]
[10240, 10240, 1.0]
[128, 7262, 1.0]
[7381, 10240, 0.0]
[5125, 10240, 0.0]
[9306, 10240, 0.0]
[10240, 10240, 0.0]
[10240, 10240, 1.0]
[10240, 10240, 1.0]
[3437, 10240, 1.0]
[128, 4038, 0.0]
[4637, 10240, 1.0]
[128, 9420, 1.0]
[4895, 10240, 1.0]
[10240, 10240, 0.0]
[1636, 10240, 0.0]
[4792, 10240, 0.0]
[167, 10240, 0.0]
[10240, 10240, 1.0]
[128, 10240, 1.0]
[9363, 10240, 0.0]
[128, 10240, 1.0]
[10240, 10240, 1.0]
[128, 8254, 0.0]
[10038, 10067, 0.0]
[128, 4292, 0.0]
[10240, 10240, 1.0]
[7507, 10240, 1.0]
[2181, 10240, 0.0]
[9547, 10240, 0.0]
[3591, 10240, 1.0]
[10240, 10240, 1.0]
[2, 10240, 1.0]
[9047, 10240, 0.0]
[10240, 10240, 0.0]
[128, 3510, 1.0]
[128, 10240, 0.0]
[9233, 10240, 1.0]
[8330, 10240, 0.0]
[8955, 10240, 1.0]
[5431, 10240, 1.0]
[171, 10240, 1.0]
[7181, 10240, 1.0]
[3651, 10240, 1.0]
[128, 5464, 1.0]
[271, 10240, 0.0]
[128, 9679, 0.0]
[9284, 10240, 1.0]
[128, 10240, 0.0]
[380, 9811, 1.0]
[128, 9994, 0.0]
[829, 9066, 0.0]
[10175, 10240, 0.0]
[128, 4281, 1.0]
[128, 4991, 0.0]
[6637, 10240, 0.0]
[8857, 10240, 1.0]
[8982, 10240, 1.0]
[128, 7138, 0.0]
[2089, 10240, 1.0]
[10240, 10240, 1.0]
[10240, 10240, 0.0]
[10240, 10240, 0.0]
[5048, 10240, 0.0]
[128, 10240, 1.0]
[128, 10240, 1.0]
[5648, 9788, 1.0]
[3496, 10240, 1.0]
[10240, 10240, 1.0]
[1272, 4279, 1.0]
[128, 10240, 1.0]
[10240, 10240, 0.0]
[128, 10240, 0.0]
[1657, 10098, 0.0]
[10061, 10124, 0.0]
[10240, 10240, 1.0]
[2, 10240, 0.0]
[9101, 10240, 1.0]
[128, 3322, 1.0]
[128, 10240, 0.0]
[10120, 10240, 0.0]
[128, 10010, 0.0]
[10240, 10240, 1.0]
[128, 6882, 0.0]
[10240, 10240, 1.0]
[1919, 10240, 1.0]
[7705, 8260, 0.0]
[128, 10052, 1.0]
[128, 10240, 1.0]
[6129, 7650, 1.0]
[9160, 10240, 1.0]
[6034, 10240, 1.0]
[4968, 10240, 0.0]
[10240, 10240, 0.0]
[10240, 10240, 1.0]
[128, 10240, 0.0]
[10240, 10240, 1.0]
[128, 10240, 0.0]
[9511, 10240, 1.0]
[2, 128, 1.0]
[8010, 10240, 0.0]
[128, 10240, 0.0]
[9264, 10240, 1.0]
[10240, 10240, 1.0]
[9891, 10240, 1.0]
[10240, 10240, 1.0]
[128, 10240, 0.0]
[10240, 10240, 0.0]
[10240, 10240, 1.0]
[10240, 10240, 1.0]
[1265, 10240, 0.0]
[128, 7739, 1.0]
[10240, 10240, 1.0]
[10240, 10240, 0.0]
[10240, 10240, 1.0]
[278, 10240, 1.0]
[4372, 7842, 0.0]
[4013, 10240, 1.0]
[10240, 10240, 1.0]
[10240, 10240, 0.0]
[7128, 10240, 1.0]
[10240, 10240, 1.0]
[10240, 10240, 0.0]
[128, 8149, 1.0]
[10240, 10240, 0.0]
[7158, 10240, 0.0]
[128, 8113, 1.0]
[4823, 10240, 1.0]
[128, 10240, 0.0]
[6875, 10240, 0.0]
[128, 10240, 0.0]
[10081, 10240, 0.0]
[2, 128, 0.0]
[128, 9267, 0.0]
[10240, 10240, 1.0]
[5742, 10240, 1.0]
[10240, 10240, 1.0]
[8673, 10240, 0.0]
[2, 128, 0.0]
[1272, 10240, 1.0]
[10240, 10240, 0.0]
[128, 10240, 0.0]
[10240, 10240, 0.0]
[128, 1739, 1.0]
[9926, 10240, 0.0]
[10240, 10240, 0.0]
[128, 10240, 0.0]
[128, 4674, 1.0]
[6176, 10240, 0.0]
[9351, 10240, 1.0]
[10229, 10240, 1.0]
[4798, 10240, 1.0]
[10240, 10240, 1.0]
[128, 3169, 1.0]
[10240, 10240, 1.0]
[7324, 10240, 1.0]
[3012, 10240, 0.0]
[128, 10240, 0.0]
[128, 10240, 1.0]
[128, 10204, 0.0]
[3368, 8982, 1.0]
[1777, 9829, 0.0]
[6389, 10240, 0.0]
[6868, 10240, 1.0]
[2, 10240, 1.0]
[10240, 10240, 1.0]
[10240, 10240, 1.0]
[128, 4439, 0.0]
[264, 7449, 1.0]
[8751, 9673, 0.0]
[6726, 10240, 1.0]
[128, 10240, 0.0]
[10240, 10240, 1.0]
[10240, 10240, 1.0]
[4579, 10240, 1.0]
[128, 10240, 1.0]
[2161, 10240, 1.0]
[128, 8757, 1.0]
[9977, 10240, 0.0]
[128, 6935, 0.0]
[8244, 10240, 0.0]
[128, 869, 1.0]
[9672, 9961, 1.0]
[128, 10240, 0.0]
[8472, 10240, 0.0]
[128, 10240, 1.0]
[10240, 10240, 1.0]
[128, 5039, 0.0]
[128, 10240, 1.0]
[5626, 10240, 1.0]
[664, 10240, 1.0]
[10223, 10240, 1.0]
[741, 8046, 1.0]
[10240, 10240, 1.0]
[6096, 10240, 0.0]
[8680, 10240, 0.0]
[10240, 10240, 0.0]
[2, 10240, 0.0]
[6611, 10240, 1.0]
[3719, 10240, 0.0]
[128, 10240, 1.0]
[128, 7336, 0.0]
[128, 8924, 1.0]
[9623, 10240, 1.0]
[2612, 10240, 0.0]
[128, 6604, 0.0]
[128, 8712, 1.0]
[9307, 10240, 1.0]
[3879, 10240, 1.0]
[128, 10240, 0.0]
[6961, 10240, 0.0]
[1515, 10240, 0.0]
[491, 10240, 1.0]
[8533, 10240, 1.0]
[713, 10240, 1.0]
[128, 10240, 0.0]
[6196, 10240, 1.0]
[8739, 10240, 0.0]
[128, 8844, 0.0]
[10240, 10240, 1.0]
[9260, 10240, 0.0]
[2596, 10240, 0.0]
[128, 10240, 0.0]
[5751, 10240, 0.0]
[7750, 10240, 1.0]
[3654, 10240, 1.0]
[8399, 10240, 1.0]
[10240, 10240, 0.0]
[128, 8328, 0.0]
[10240, 10240, 1.0]
[128, 10240, 0.0]
[446, 7236, 1.0]
[4957, 10240, 0.0]
[5636, 10240, 1.0]
[128, 10240, 1.0]
[4285, 8024, 0.0]
[128, 9038, 0.0]
[10240, 10240, 1.0]
[128, 7873, 0.0]
[128, 2658, 0.0]
[128, 8712, 0.0]
[7100, 10240, 1.0]
[7890, 10240, 1.0]
[9218, 10240, 1.0]
[8011, 10240, 1.0]
[4982, 9690, 1.0]
[128, 4138, 0.0]
[10240, 10240, 1.0]
[6674, 10240, 0.0]
[10240, 10240, 1.0]
[9957, 10240, 1.0]
[10240, 10240, 1.0]
[128, 10240, 0.0]
[3438, 10240, 0.0]
[10240, 10240, 1.0]
[128, 3064, 0.0]
[5333, 10240, 1.0]
[7790, 10240, 1.0]
[922, 2751, 0.0]
[5067, 9042, 0.0]
[8523, 10240, 1.0]
[128, 6102, 0.0]
[7800, 10240, 1.0]
[2434, 10240, 0.0]
[10240, 10240, 0.0]
[1512, 3886, 1.0]
[3456, 6887, 0.0]
[5049, 5248, 1.0]
[8805, 10240, 1.0]
[10240, 10240, 1.0]
[1418, 10240, 0.0]
[10240, 10240, 1.0]
[128, 3894, 1.0]
[10240, 10240, 0.0]
[5238, 7309, 0.0]
[10240, 10240, 0.0]
[128, 10240, 0.0]
[10240, 10240, 1.0]
[7515, 10240, 1.0]
[3336, 10240, 1.0]
[128, 6554, 0.0]
[128, 10240, 1.0]
[9753, 10039, 1.0]
[10240, 10240, 1.0]
[10240, 10240, 0.0]
[10240, 10240, 1.0]
[2, 128, 1.0]
[8038, 10240, 0.0]
[10240, 10240, 0.0]
[128, 7742, 0.0]
[427, 10240, 0.0]
[8634, 10240, 0.0]
[8670, 10240, 1.0]
[128, 9463, 1.0]
[128, 4612, 0.0]
[128, 7657, 1.0]
[9704, 10240, 0.0]
[1244, 10240, 1.0]
[128, 10240, 1.0]
[128, 10240, 1.0]
[10240, 10240, 1.0]
[9261, 10045, 1.0]
[128, 10240, 1.0]
[128, 6467, 1.0]
[128, 5164, 1.0]
[8310, 10240, 0.0]
[128, 10240, 0.0]
[8390, 10240, 1.0]
[128, 10240, 1.0]
[3934, 10240, 1.0]
[10240, 10240, 1.0]
[128, 7606, 0.0]
[10240, 10240, 1.0]
[7934, 10240, 1.0]
[2, 10240, 1.0]
[9548, 10240, 0.0]
[10240, 10240, 1.0]
[2, 10240, 1.0]
[7688, 10240, 0.0]
[128, 10240, 0.0]
[5608, 6777, 0.0]
[7338, 10240, 0.0]
[128, 8655, 0.0]
[10240, 10240, 1.0]
[128, 6889, 1.0]
[9010, 10240, 1.0]
[9584, 10240, 1.0]
[10240, 10240, 1.0]
[10240, 10240, 0.0]
[128, 10240, 1.0]
[3893, 10240, 1.0]
[10240, 10240, 1.0]
[128, 9722, 0.0]
[5650, 7064, 0.0]
[10240, 10240, 0.0]
[2, 8488, 0.0]
[10240, 10240, 1.0]
[4127, 10240, 1.0]
[10240, 10240, 1.0]
[10240, 10240, 1.0]
[10240, 10240, 1.0]
[7155, 10240, 1.0]
[8973, 10240, 1.0]
[10240, 10240, 1.0]
[9788, 10240, 1.0]
[128, 5148, 1.0]
[128, 8970, 0.0]
[128, 9899, 1.0]
[9108, 10240, 0.0]
[10240, 10240, 1.0]
[9936, 10240, 1.0]
[2, 10240, 0.0]
[6486, 9481, 1.0]
[6607, 10240, 1.0]
[10240, 10240, 0.0]
[5092, 10240, 1.0]
[10240, 10240, 1.0]
[4560, 10240, 1.0]
[10240, 10240, 1.0]
[128, 10240, 0.0]
[10240, 10240, 0.0]
[10240, 10240, 0.0]
[10240, 10240, 0.0]
[10240, 10240, 1.0]
[5022, 10240, 0.0]
[128, 10240, 0.0]
[9522, 10240, 0.0]
[10240, 10240, 1.0]
[128, 10240, 1.0]
[128, 10240, 1.0]
[10240, 10240, 1.0]
[4749, 6367, 1.0]
[128, 10240, 0.0]
[10240, 10240, 1.0]
[128, 10240, 0.0]
[10093, 10240, 0.0]
[128, 10240, 0.0]
[128, 10240, 0.0]
[10240, 10240, 0.0]
[9824, 10240, 1.0]
[10240, 10240, 1.0]
[128, 10240, 0.0]
[128, 10240, 1.0]
[10126, 10240, 0.0]
[9444, 10240, 1.0]
[6070, 10240, 0.0]
[128, 10240, 1.0]
[7180, 10240, 0.0]
[7823, 10240, 1.0]
[2085, 10240, 1.0]
[128, 6566, 1.0]
[6049, 10240, 1.0]
[6618, 10240, 1.0]
[9756, 10240, 1.0]
[2, 10240, 0.0]
[7198, 9172, 1.0]
[9585, 10240, 1.0]
[128, 10240, 1.0]
[10240, 10240, 1.0]
[3268, 10240, 1.0]
[1866, 10240, 0.0]
[128, 2534, 0.0]
[7986, 8107, 0.0]
[10240, 10240, 0.0]
[10240, 10240, 1.0]
[128, 6274, 1.0]
[128, 10240, 0.0]
[634, 9356, 1.0]
[10240, 10240, 1.0]
[128, 10240, 0.0]
[2239, 10240, 1.0]
[128, 10240, 1.0]
[10240, 10240, 0.0]
[10240, 10240, 0.0]
[128, 7658, 1.0]
[128, 10240, 0.0]
[10240, 10240, 0.0]
[9058, 10240, 1.0]
[3212, 3942, 0.0]
[128, 5531, 1.0]
[10240, 10240, 1.0]
[6787, 10240, 1.0]
[4002, 10240, 1.0]
[8575, 10240, 1.0]
[128, 10240, 1.0]
[128, 9424, 0.0]
[8276, 9918, 1.0]
[10240, 10240, 1.0]
[10240, 10240, 1.0]
[10240, 10240, 0.0]
[10240, 10240, 0.0]
[10240, 10240, 0.0]
[128, 6723, 1.0]
[128, 7912, 1.0]
[7046, 10240, 0.0]
[3399, 4293, 0.0]
[128, 10240, 1.0]
[128, 9146, 0.0]
[128, 9378, 1.0]
[10016, 10240, 0.0]
[8328, 10240, 1.0]
[10240, 10240, 1.0]
[128, 10240, 1.0]
[6475, 10240, 1.0]
[9395, 10240, 0.0]
[128, 10240, 1.0]
[128, 6547, 1.0]
[2343, 7690, 1.0]
[128, 8860, 0.0]
[10240, 10240, 0.0]
[3610, 9023, 1.0]
[10240, 10240, 0.0]
[2981, 10240, 0.0]
[128, 10240, 0.0]
[9756, 9760, 0.0]
[8550, 10240, 1.0]
[128, 10240, 0.0]
[8518, 10240, 1.0]
[128, 10240, 0.0]
[128, 8476, 0.0]
[3860, 10240, 1.0]
[10240, 10240, 1.0]
[10240, 10240, 1.0]
[128, 10240, 0.0]
[128, 8726, 1.0]
[128, 10240, 0.0]
[9385, 10240, 0.0]
[10240, 10240, 1.0]
[10240, 10240, 0.0]
[7720, 10240, 0.0]
[10240, 10240, 0.0]
[128, 10240, 0.0]
[5866, 10240, 1.0]
[9387, 10240, 1.0]
[8157, 10240, 1.0]
[10240, 10240, 1.0]
[128, 3543, 0.0]
[6420, 10240, 0.0]
[9788, 10240, 0.0]
[5924, 10240, 0.0]
[128, 10240, 1.0]
[10240, 10240, 1.0]
[10240, 10240, 1.0]
[128, 6672, 1.0]
[128, 10240, 0.0]
[128, 10240, 0.0]
[8602, 8669, 1.0]
[10240, 10240, 0.0]
[1539, 4252, 0.0]
[128, 10240, 0.0]
[128, 10240, 1.0]
[9642, 9999, 1.0]
[128, 6305, 0.0]
[6441, 10240, 0.0]
[2990, 10240, 1.0]
[7018, 10240, 0.0]
[10240, 10240, 0.0]
[10240, 10240, 0.0]
[2089, 10240, 1.0]
[128, 10240, 0.0]
[8776, 10240, 0.0]
[10240, 10240, 1.0]
[1630, 8513, 1.0]
[2151, 7261, 0.0]
[10240, 10240, 0.0]
[1967, 4555, 1.0]
[128, 9916, 0.0]
[10240, 10240, 0.0]
[128, 10240, 0.0]
[128, 9629, 0.0]
[10240, 10240, 1.0]
[6827, 10240, 1.0]
[128, 10240, 0.0]
[4879, 9164, 0.0]
[10059, 10240, 0.0]
[128, 10240, 1.0]
[128, 7146, 1.0]
[10240, 10240, 0.0]
[7326, 10240, 1.0]
[5927, 7035, 0.0]
[128, 10240, 1.0]
[128, 6544, 1.0]
[446, 9012, 0.0]
[6438, 9746, 1.0]
[128, 7362, 0.0]
[9275, 10240, 1.0]
[6763, 10240, 0.0]
[128, 10240, 0.0]
[128, 10240, 1.0]
[6980, 7530, 1.0]
[10240, 10240, 0.0]
[10240, 10240, 0.0]
[10240, 10240, 1.0]
[7914, 10240, 0.0]
[10240, 10240, 0.0]
[128, 10240, 1.0]
[5290, 10240, 0.0]
[128, 10240, 1.0]
[4840, 10240, 0.0]
[128, 10240, 0.0]
[1951, 9967, 1.0]
[128, 9255, 0.0]
[7347, 10240, 0.0]
[10240, 10240, 1.0]
[128, 10240, 0.0]
[9256, 10240, 0.0]
[10240, 10240, 1.0]
[657, 4992, 0.0]
[128, 10240, 1.0]
[6515, 10240, 0.0]
[10240, 10240, 0.0]
[4730, 10240, 0.0]
[10240, 10240, 0.0]
[10240, 10240, 1.0]
[128, 4890, 1.0]
[128, 10222, 0.0]
[4906, 10240, 1.0]
[128, 7439, 1.0]
[1471, 7756, 1.0]
[7722, 10240, 1.0]
[128, 8256, 1.0]
[10240, 10240, 0.0]
[10240, 10240, 1.0]
[128, 3692, 0.0]
[5394, 10240, 1.0]
[6277, 10240, 0.0]
[5158, 10240, 0.0]
[128, 7692, 1.0]
[10240, 10240, 0.0]
[10240, 10240, 0.0]
[128, 10240, 0.0]
[10240, 10240, 0.0]
[10240, 10240, 0.0]
[6842, 10240, 1.0]
[128, 8545, 1.0]
[128, 10240, 1.0]
[10240, 10240, 1.0]
[10042, 10240, 0.0]
[10240, 10240, 0.0]
[128, 10240, 0.0]
[10240, 10240, 0.0]
[10240, 10240, 0.0]
[8953, 10240, 0.0]
[2, 1031, 0.0]
[4651, 10240, 0.0]
[128, 7968, 0.0]
[10173, 10240, 0.0]
[128, 10240, 1.0]
[128, 4654, 0.0]
[3053, 10240, 1.0]
[9803, 10240, 0.0]
[10240, 10240, 0.0]
[4190, 10240, 1.0]
[2, 10240, 1.0]
[6175, 10240, 1.0]
[7993, 10240, 1.0]
[10240, 10240, 1.0]
[5346, 10240, 0.0]
[10240, 10240, 0.0]
[128, 8254, 0.0]
[128, 10240, 1.0]
[10240, 10240, 0.0]
[10240, 10240, 0.0]
[6022, 10240, 1.0]
[2395, 9947, 0.0]
[8669, 10240, 1.0]
[10240, 10240, 0.0]
[10240, 10240, 0.0]
[128, 5044, 0.0]
[128, 10240, 0.0]
[10052, 10240, 1.0]
[10240, 10240, 1.0]
[128, 10240, 1.0]
[128, 5066, 0.0]
[5121, 10240, 1.0]
[10240, 10240, 1.0]
[3955, 10240, 0.0]
[6533, 10240, 1.0]
[7572, 8929, 0.0]
[128, 10240, 0.0]
[8488, 8502, 1.0]
[8511, 10240, 0.0]
[10240, 10240, 1.0]
[2, 10240, 1.0]
[128, 10240, 0.0]
[128, 6415, 1.0]
[4423, 10240, 1.0]
[10240, 10240, 0.0]
[3821, 10240, 1.0]
[5255, 6727, 1.0]
[128, 10240, 1.0]
[10240, 10240, 1.0]
[2248, 10240, 0.0]
[10240, 10240, 0.0]
[10240, 10240, 0.0]
[128, 10164, 0.0]
[128, 9038, 0.0]
[5686, 9724, 0.0]
[9090, 10240, 1.0]
[10240, 10240, 1.0]
[10240, 10240, 0.0]
[128, 5204, 1.0]
[10240, 10240, 1.0]
[128, 1284, 1.0]
[9529, 10240, 1.0]
[128, 9331, 0.0]
[10240, 10240, 0.0]
[2, 10240, 1.0]
[128, 8627, 1.0]
[5028, 8367, 1.0]
[5572, 10240, 0.0]
[10240, 10240, 1.0]
[128, 10240, 1.0]
[4720, 10240, 0.0]
[2548, 4765, 1.0]
[9526, 10240, 1.0]
[128, 9266, 1.0]
[128, 10240, 1.0]
[3983, 5891, 0.0]
[10240, 10240, 1.0]
[10240, 10240, 0.0]
[5533, 10240, 1.0]
[128, 10240, 1.0]
[128, 10240, 0.0]
[128, 10240, 0.0]
[128, 9227, 0.0]
[128, 7169, 1.0]
[1240, 10095, 1.0]
[9542, 10240, 0.0]
[9267, 10240, 0.0]
[8342, 10240, 0.0]
[10240, 10240, 0.0]
[2389, 10240, 1.0]
[10240, 10240, 1.0]
[128, 9808, 0.0]
[9561, 10240, 0.0]
[128, 10240, 0.0]
[5098, 5655, 0.0]
[7880, 10240, 0.0]
[128, 10240, 1.0]
[128, 10240, 0.0]
[7733, 10240, 0.0]
[10067, 10240, 1.0]
[128, 6042, 0.0]
[2664, 10240, 0.0]
[10240, 10240, 0.0]
[5759, 9704, 1.0]
[6893, 10240, 1.0]
[10240, 10240, 0.0]
[2640, 8947, 0.0]
[9427, 10240, 1.0]
[9838, 10240, 0.0]
[7934, 10240, 0.0]
[128, 3971, 0.0]
[10240, 10240, 0.0]
[6824, 10240, 1.0]
[3403, 10240, 0.0]
[128, 10240, 1.0]
[10240, 10240, 1.0]
[10240, 10240, 0.0]
[5407, 10240, 1.0]
[4239, 5068, 1.0]
[10240, 10240, 1.0]
[10240, 10240, 1.0]
[10240, 10240, 0.0]
[10240, 10240, 1.0]
[372, 10240, 0.0]
[10240, 10240, 1.0]
[8968, 10240, 1.0]
[128, 10240, 0.0]
[128, 10240, 1.0]
[8889, 10240, 0.0]
[2250, 10240, 1.0]
[10240, 10240, 1.0]
[6568, 10240, 0.0]
[10240, 10240, 1.0]
[128, 4150, 1.0]
[128, 9888, 1.0]
[2811, 10240, 1.0]
[5497, 10240, 0.0]
[6071, 10240, 1.0]
[128, 7081, 0.0]
[128, 10240, 1.0]
[128, 9507, 0.0]
[8825, 9265, 0.0]
[6077, 10240, 1.0]
[128, 6669, 1.0]
[10240, 10240, 0.0]
[10240, 10240, 1.0]
[10240, 10240, 0.0]
[10240, 10240, 1.0]
[2, 5815, 1.0]
[10240, 10240, 1.0]
[128, 10240, 1.0]
[9142, 10240, 0.0]
[128, 816, 0.0]
[10240, 10240, 1.0]
[7210, 10240, 0.0]
[10240, 10240, 1.0]
[10240, 10240, 0.0]
[128, 5792, 1.0]
[4171, 10240, 0.0]
[6187, 10240, 1.0]
[7936, 10240, 0.0]
[128, 10240, 1.0]
[10240, 10240, 1.0]
[3661, 10240, 0.0]
[10240, 10240, 0.0]
[10240, 10240, 1.0]
[128, 10240, 0.0]
[128, 2735, 0.0]
[5332, 10240, 0.0]
[9825, 10240, 1.0]
[2, 10240, 1.0]
[128, 10240, 1.0]
[128, 7758, 1.0]
[128, 10240, 0.0]
[9721, 9966, 0.0]
[10240, 10240, 1.0]
[8302, 10240, 1.0]
[1715, 10240, 0.0]
[128, 8506, 0.0]
[8021, 8210, 1.0]
[128, 10240, 0.0]
[8693, 10240, 1.0]
[128, 5040, 0.0]
[128, 7273, 0.0]
[128, 10240, 0.0]
[3596, 10052, 0.0]
[10240, 10240, 1.0]
[8302, 10240, 1.0]
[10240, 10240, 1.0]
[128, 10240, 1.0]
[10240, 10240, 0.0]
[128, 5375, 1.0]
[4800, 10240, 1.0]
[10240, 10240, 1.0]
[10240, 10240, 0.0]
[128, 2780, 1.0]
[10240, 10240, 1.0]
[128, 10240, 1.0]
[6590, 10240, 0.0]
[5541, 10240, 0.0]
[128, 7529, 0.0]
[10240, 10240, 1.0]
[7092, 10240, 1.0]
[128, 10240, 0.0]
[128, 10240, 1.0]
[128, 7638, 1.0]
[8993, 10240, 1.0]
[10240, 10240, 1.0]
[5476, 10240, 0.0]
[10240, 10240, 1.0]
[8967, 10240, 0.0]
[7023, 10240, 1.0]
[7114, 9411, 1.0]
[128, 9522, 0.0]
[128, 10240, 1.0]
[9948, 10240, 0.0]
[128, 6845, 1.0]
[128, 5603, 1.0]
[5786, 10240, 1.0]
[10240, 10240, 0.0]
[2, 10240, 0.0]
[128, 7802, 1.0]
[10240, 10240, 1.0]
[5567, 6816, 1.0]
[10240, 10240, 0.0]
[10240, 10240, 0.0]
[10240, 10240, 1.0]
[10240, 10240, 0.0]
[2, 128, 0.0]
[2, 8302, 1.0]
[873, 10240, 0.0]
[10240, 10240, 0.0]
[6007, 10240, 0.0]
[128, 10240, 1.0]
[10240, 10240, 0.0]
[128, 3988, 0.0]
[8683, 10240, 1.0]
[10240, 10240, 0.0]
[128, 9088, 0.0]
[128, 10240, 0.0]
[128, 8826, 1.0]
[3135, 10240, 0.0]
[9497, 10240, 0.0]
[1567, 10240, 0.0]
[128, 10240, 1.0]
[10240, 10240, 1.0]
[10060, 10240, 1.0]
[10240, 10240, 0.0]
[10240, 10240, 0.0]
[4259, 4446, 1.0]
[128, 10175, 1.0]
[10240, 10240, 1.0]
[8890, 10240, 1.0]
[128, 10240, 0.0]
[128, 5799, 0.0]
[7765, 10240, 0.0]
[128, 10240, 0.0]
[10240, 10240, 0.0]
[128, 5521, 1.0]
[128, 9792, 1.0]
[7409, 10240, 1.0]
[5762, 10240, 0.0]
[3050, 7382, 1.0]
[128, 9020, 0.0]
[10240, 10240, 1.0]
[4024, 10240, 1.0]
[7385, 10240, 0.0]
[128, 6443, 1.0]
[10240, 10240, 1.0]
[10240, 10240, 1.0]
[6104, 10240, 1.0]
[10240, 10240, 1.0]
[7376, 10240, 0.0]
[7277, 10240, 0.0]
[128, 4411, 1.0]
[10240, 10240, 1.0]
[5982, 10240, 1.0]
[10240, 10240, 1.0]
[8719, 10240, 1.0]
[6049, 10240, 1.0]
[128, 10240, 0.0]
[10240, 10240, 1.0]
[10240, 10240, 1.0]
[10240, 10240, 1.0]
[128, 550, 0.0]
[6842, 10240, 1.0]
[128, 10240, 1.0]
[5780, 10240, 0.0]
[128, 10240, 0.0]
[4803, 10240, 1.0]
[10027, 10240, 1.0]
[128, 2512, 1.0]
[128, 4870, 0.0]
[128, 6669, 0.0]
[9732, 10240, 0.0]
[128, 9637, 1.0]
[4379, 10240, 0.0]
[128, 9393, 0.0]
[3307, 10240, 0.0]
[128, 10240, 0.0]
[10135, 10240, 0.0]
[9283, 10240, 1.0]
[10240, 10240, 0.0]
[2, 8822, 1.0]
[128, 10240, 1.0]
[5253, 9576, 1.0]
[10240, 10240, 0.0]
[5921, 10240, 1.0]
[128, 1608, 0.0]
[128, 10240, 1.0]
[10240, 10240, 1.0]
[7493, 10240, 1.0]
[128, 10127, 1.0]
[2384, 10240, 1.0]
[10240, 10240, 0.0]
[10240, 10240, 1.0]
[9319, 10240, 1.0]
[10240, 10240, 0.0]
[128, 10240, 0.0]
[128, 7624, 1.0]
[128, 10240, 1.0]
[10240, 10240, 1.0]
[128, 2250, 1.0]
[8352, 10240, 0.0]
[9688, 10240, 0.0]
[128, 10240, 0.0]
[2954, 10240, 0.0]
[10240, 10240, 0.0]
[743, 10240, 1.0]
[7926, 10240, 1.0]
[4830, 10240, 0.0]
[10240, 10240, 1.0]
[7710, 10240, 0.0]
[3381, 10240, 1.0]
[128, 10240, 1.0]
[128, 10240, 1.0]
[8689, 10240, 1.0]
[9489, 10240, 0.0]
[10240, 10240, 0.0]
[128, 9909, 0.0]
[7410, 10240, 1.0]
[10240, 10240, 1.0]
[128, 9952, 1.0]
[10240, 10240, 0.0]
[128, 5376, 0.0]
[9049, 10240, 1.0]
[128, 7584, 0.0]
[10240, 10240, 1.0]
[10240, 10240, 1.0]
[6975, 10240, 1.0]
[6662, 10240, 0.0]
[128, 10240, 0.0]
[10240, 10240, 0.0]
[9831, 10240, 0.0]
[10240, 10240, 1.0]
[2, 10240, 1.0]
[128, 6597, 1.0]
[10240, 10240, 0.0]
[7255, 10240, 0.0]
[2037, 2114, 1.0]
[2567, 10240, 0.0]
[128, 10240, 1.0]
[7722, 10240, 0.0]
[10240, 10240, 1.0]
[128, 10240, 1.0]
[9548, 10240, 1.0]
[128, 8789, 1.0]
[5642, 10240, 1.0]
[128, 5152, 0.0]
[10240, 10240, 0.0]
[128, 8684, 0.0]
[10240, 10240, 0.0]
[128, 10240, 1.0]
[9317, 10240, 1.0]
[128, 3613, 0.0]
[6334, 10240, 1.0]
[4263, 10240, 1.0]
[4665, 10240, 1.0]
[128, 10240, 1.0]
[6966, 10240, 0.0]
[5027, 10240, 0.0]
[128, 10240, 0.0]
[10240, 10240, 1.0]
[9275, 10240, 0.0]
[128, 5907, 0.0]
[800, 10240, 0.0]
[8452, 10240, 0.0]
[8853, 10240, 0.0]
[1502, 10240, 0.0]
[10240, 10240, 1.0]
[10240, 10240, 1.0]
[10240, 10240, 0.0]
[128, 5504, 1.0]
[5534, 5652, 0.0]
[128, 7395, 0.0]
[10240, 10240, 0.0]
[128, 10240, 1.0]
[128, 8619, 1.0]
[466, 4824, 1.0]
[4007, 10240, 0.0]
[2334, 7885, 1.0]
[128, 10240, 1.0]
[3232, 9434, 0.0]
[8633, 10240, 1.0]
[10240, 10240, 1.0]
[10240, 10240, 1.0]
[2, 128, 0.0]
[128, 10240, 0.0]
[10240, 10240, 1.0]
[8092, 9093, 0.0]
[128, 10240, 0.0]
[128, 10240, 0.0]
[6543, 10240, 0.0]
[7931, 10240, 0.0]
[10240, 10240, 1.0]
[128, 6402, 0.0]
[10240, 10240, 1.0]
[128, 10240, 1.0]
[7688, 9619, 1.0]
[10240, 10240, 0.0]
[128, 1854, 1.0]
[10240, 10240, 0.0]
[8267, 10240, 0.0]
[10240, 10240, 0.0]
[2, 128, 1.0]
[5451, 10240, 0.0]
[10240, 10240, 1.0]
[128, 10240, 1.0]
[128, 2543, 1.0]
[10240, 10240, 1.0]
[1941, 10240, 1.0]
[10240, 10240, 0.0]
[128, 10240, 0.0]
[10240, 10240, 0.0]
[128, 3822, 1.0]
[10240, 10240, 0.0]
[10240, 10240, 0.0]
[10240, 10240, 0.0]
[128, 10240, 1.0]
[10240, 10240, 0.0]
[128, 4633, 1.0]
[10240, 10240, 1.0]
[2, 128, 0.0]
[8955, 9651, 0.0]
[10240, 10240, 1.0]
[10240, 10240, 0.0]
[4179, 10240, 1.0]
[8667, 10240, 1.0]
[10240, 10240, 0.0]
[6026, 10240, 1.0]
[8388, 10240, 1.0]
[8278, 10240, 0.0]
[9126, 10240, 0.0]
[5977, 10240, 1.0]
[6775, 10240, 0.0]
[4750, 10240, 0.0]
[10240, 10240, 0.0]
[128, 1534, 1.0]
[128, 3477, 1.0]
[8291, 10240, 1.0]
[7026, 10111, 0.0]
[10240, 10240, 1.0]
[4429, 10240, 0.0]
[3880, 10223, 0.0]
[10240, 10240, 1.0]
[128, 8364, 1.0]
[9880, 10240, 1.0]
[128, 10240, 0.0]
[128, 10240, 1.0]
[307, 10240, 1.0]
[128, 9448, 0.0]
[9869, 10240, 1.0]
[10240, 10240, 1.0]
[128, 10240, 1.0]
[10240, 10240, 0.0]
[8736, 10240, 1.0]
[2671, 10240, 1.0]
[132, 10240, 0.0]
[8299, 8836, 0.0]
[1314, 4314, 0.0]
[10128, 10240, 1.0]
[128, 10240, 0.0]
[6633, 10240, 1.0]
[128, 10240, 1.0]
[128, 9341, 0.0]
[128, 10240, 1.0]
[8502, 10240, 0.0]
[5830, 8355, 1.0]
[128, 7992, 0.0]
[128, 10240, 1.0]
[4655, 8275, 1.0]
[128, 8818, 0.0]
[4896, 9560, 1.0]
[128, 9724, 1.0]
[10240, 10240, 1.0]
[128, 10240, 1.0]
[7921, 10240, 1.0]
[10240, 10240, 1.0]
[10240, 10240, 0.0]
[128, 9964, 0.0]
[128, 10240, 0.0]
[576, 10240, 0.0]
[10240, 10240, 1.0]
[128, 7810, 0.0]
[7074, 10240, 0.0]
[128, 10240, 0.0]
[128, 9588, 0.0]
[6396, 7274, 1.0]
[8511, 8638, 1.0]
[128, 10240, 1.0]
[4234, 10240, 1.0]
[2684, 10240, 1.0]
[3188, 10240, 0.0]
[10240, 10240, 0.0]
[10130, 10240, 0.0]
[10240, 10240, 0.0]
[2, 10240, 1.0]
[128, 4936, 1.0]
[128, 10240, 1.0]
[9983, 10240, 1.0]
[128, 4657, 1.0]
[10240, 10240, 0.0]
[10240, 10240, 0.0]
[6063, 10240, 1.0]
[5734, 10240, 1.0]
[10240, 10240, 0.0]
[128, 3059, 1.0]
[128, 7887, 0.0]
[3556, 10240, 0.0]
[10237, 10240, 0.0]
[10240, 10240, 1.0]
[5103, 10240, 0.0]
[5884, 10240, 1.0]
[10240, 10240, 0.0]
[6525, 10240, 1.0]
[8748, 10240, 0.0]
[1480, 10240, 0.0]
[4724, 10240, 0.0]
[128, 9044, 0.0]
[6218, 8200, 0.0]
[128, 10240, 0.0]
[9984, 10240, 1.0]
[128, 10240, 1.0]
[10240, 10240, 0.0]
[10240, 10240, 1.0]
[128, 10240, 1.0]
[3789, 6881, 0.0]
[9948, 10240, 1.0]
[9139, 10240, 0.0]
[6249, 10240, 0.0]
[3658, 10240, 0.0]
[128, 8995, 0.0]
[128, 10240, 1.0]
[10240, 10240, 1.0]
[3757, 10240, 1.0]
[10240, 10240, 0.0]
[128, 10240, 0.0]
[10240, 10240, 1.0]
[2, 3459, 1.0]
[7476, 10240, 1.0]
[128, 6794, 1.0]
[10240, 10240, 1.0]
[810, 10240, 1.0]
[10240, 10240, 1.0]
[6548, 10240, 0.0]
[128, 10240, 0.0]
[128, 10240, 1.0]
[10240, 10240, 1.0]
[10240, 10240, 0.0]
[7478, 10240, 0.0]
[128, 10240, 1.0]
[128, 6325, 1.0]
[10240, 10240, 0.0]
[5000, 10240, 0.0]
[6064, 10240, 1.0]
[8850, 10240, 0.0]
[7475, 10240, 1.0]
[128, 10240, 0.0]
[10240, 10240, 1.0]
[128, 10240, 1.0]
[128, 10240, 1.0]
[10240, 10240, 1.0]
[10240, 10240, 0.0]
[10240, 10240, 0.0]
[128, 9840, 1.0]
[5248, 10240, 0.0]
[128, 6902, 0.0]
[10240, 10240, 1.0]
[10240, 10240, 0.0]
[5492, 10240, 0.0]
[128, 2576, 1.0]
[5743, 10240, 1.0]
[128, 10240, 1.0]
[8735, 9976, 1.0]
[128, 10240, 0.0]
[128, 10240, 1.0]
[8285, 10240, 1.0]
[128, 8020, 0.0]
[128, 10240, 1.0]
[10240, 10240, 0.0]
[3532, 10240, 1.0]
[128, 6432, 0.0]
[4271, 10240, 1.0]
[6685, 10240, 0.0]
[10240, 10240, 0.0]
[7510, 10240, 1.0]
[10240, 10240, 0.0]
[10240, 10240, 1.0]
[10240, 10240, 0.0]
[10240, 10240, 1.0]
[2, 10240, 1.0]
[128, 8951, 1.0]
[128, 4356, 1.0]
[7867, 9922, 1.0]
[8492, 10240, 1.0]
[10240, 10240, 0.0]
[128, 10240, 0.0]
[10240, 10240, 0.0]
[10240, 10240, 0.0]
[10240, 10240, 1.0]
[8107, 10240, 0.0]
[10240, 10240, 1.0]
[128, 10240, 1.0]
[10240, 10240, 1.0]
[89, 10240, 1.0]
[7573, 10240, 1.0]
[128, 3056, 1.0]
[10240, 10240, 0.0]
[128, 9184, 1.0]
[128, 6986, 1.0]
[8800, 9362, 1.0]
[10240, 10240, 1.0]
[8955, 10240, 0.0]
[8442, 10240, 0.0]
[4243, 7947, 0.0]
[8635, 10240, 0.0]
[128, 10240, 0.0]
[128, 6995, 0.0]
[10240, 10240, 1.0]
[128, 8614, 1.0]
[128, 10240, 0.0]
[128, 10240, 0.0]
[8326, 10240, 1.0]
[128, 10240, 1.0]
[5406, 9002, 0.0]
[128, 10240, 0.0]
[128, 7896, 0.0]
[9156, 10240, 1.0]
[440, 10240, 0.0]
[10240, 10240, 1.0]
[128, 6440, 1.0]
[10240, 10240, 1.0]
[128, 7012, 0.0]
[10240, 10240, 0.0]
[128, 5773, 1.0]
[291, 8162, 0.0]
[9138, 10240, 0.0]
[128, 9813, 1.0]
[7205, 10240, 0.0]
[10240, 10240, 0.0]
[128, 10159, 0.0]
[128, 10240, 1.0]
[1541, 5599, 1.0]
[7388, 10240, 1.0]
[1569, 8983, 1.0]
[10240, 10240, 0.0]
[128, 7624, 0.0]
[5440, 10240, 1.0]
[128, 10240, 0.0]
[10240, 10240, 0.0]
[10240, 10240, 1.0]
[10240, 10240, 0.0]
[10240, 10240, 0.0]
[5979, 10240, 1.0]
[10240, 10240, 0.0]
[5339, 10240, 1.0]
[6013, 10240, 0.0]
[10240, 10240, 1.0]
[128, 9527, 0.0]
[3611, 10240, 0.0]
[128, 10240, 1.0]
[10240, 10240, 1.0]
[6783, 10240, 1.0]
[10240, 10240, 1.0]
[10240, 10240, 0.0]
[10240, 10240, 0.0]
[9775, 10240, 0.0]
[2, 10240, 1.0]
[10240, 10240, 0.0]
[10240, 10240, 1.0]
[2, 10240, 0.0]
[10240, 10240, 0.0]
[472, 10240, 1.0]
[128, 10240, 0.0]
[10240, 10240, 1.0]
[128, 10240, 1.0]
[8112, 8731, 1.0]
[128, 6077, 0.0]
[10240, 10240, 1.0]
[10240, 10240, 0.0]
[9501, 10240, 0.0]
[7927, 9105, 1.0]
[3884, 9381, 0.0]
[128, 10240, 0.0]
[128, 10240, 0.0]
[128, 8046, 0.0]
[10240, 10240, 1.0]
[6532, 10240, 0.0]
[128, 9245, 1.0]
[5092, 10240, 0.0]
[128, 10240, 0.0]
[8388, 10240, 0.0]
[128, 10240, 0.0]
[128, 6010, 0.0]
[10240, 10240, 1.0]
[4143, 10240, 1.0]
[7015, 10240, 0.0]
[128, 10240, 1.0]
[10240, 10240, 1.0]
[128, 4654, 0.0]
[2764, 10240, 0.0]
[10240, 10240, 0.0]
[10240, 10240, 1.0]
[10240, 10240, 0.0]
[2225, 10240, 1.0]
[9377, 10240, 0.0]
[6673, 10240, 1.0]
[10240, 10240, 0.0]
[128, 10240, 1.0]
[2947, 10240, 0.0]
[6103, 10240, 0.0]
[10240, 10240, 1.0]
[3976, 9294, 0.0]
[128, 10240, 0.0]
[128, 10240, 1.0]
[10240, 10240, 0.0]
[10240, 10240, 1.0]
[9821, 10240, 1.0]
[10240, 10240, 0.0]
[2, 128, 0.0]
[993, 10240, 1.0]
[10240, 10240, 0.0]
[9785, 10212, 1.0]
[7614, 9481, 1.0]
[2583, 10240, 0.0]
[10240, 10240, 1.0]
[10240, 10240, 1.0]
[128, 9464, 1.0]
[7234, 10240, 1.0]
[3650, 8909, 1.0]
[10240, 10240, 1.0]
[1907, 3113, 0.0]
[8775, 10240, 1.0]
[128, 9019, 1.0]
[5621, 8419, 0.0]
[128, 3527, 1.0]
[5994, 10240, 0.0]
[7846, 10240, 0.0]
