0
5085
5111
4860
5085
4885
4825
1174
5024
5938
75360
166708
155301
237878
292811
366247
508011
195831
74855
62322
4985
78213
59085
5024
7232
71417
187616
435994
560071
260151
383150
216032
84444
6402
20112
4863
66334
5024
68157
4914
4508
4294
5024
4813
4997
4836
75360
5024
2503
4600
4851
5024
3085
5024
5219
7355
69451
83995
187886
216032
300407
286368
383294
497376
279615
219762
461212
528531
509373
340298
457150
426253
416670
316334
146407
256224
430657
430292
430396
497255
515170
610497
286368
372271
238364
8201
28400
5000
6824
10882
5024
75360
90415
5085
4282
216032
246135
143404
55728
4424
4941
75387
127119
216032
275550
176671
216032
233842
216032
149334
104579
5243
5024
5085
16840
310563
226763
226080
363479
346877
356693
273669
46096
46096
5085
18568
68396
81351
5127
13603
281256
286368
242913
181403
189680
113582
192750
208435
406501
487232
433508
455335
349228
363313
577861
723656
417718
308541
336311
338738
307028
219327
135406
109241
65515
5024
47506
75079
75360
170856
172142
16612
4327
10338
4329
10697
5024
5024
78365
25537
5085
84863
5086
202527
54297
37941
4347
5024
4555
4366
4954
5377
43328
5024
5024
5024
11644
116436
216835
301420
351583
175078
75360
5024
5085
5024
5391
5024
75360
5024
103077
216909
216032
292527
188101
349258
397131
306464
292054
256224
231232
146929
145696
6672
5024
134134
4694
5085
48792
133598
56268
85408
145696
4627
5024
4981
17965
68186
4607
5024
145696
4929
5024
41730
75360
4811
5024
18136
81579
4795
84347
148699
5354
239804
256224
311930
258862
205783
289332
93135
145696
145696
176925
147944
75360
75360
4960
52433
75360
75360
6627
16126
5024
4380
50310
10609
5024
5024
145696
90399
90399
12040
244206
5732
5024
5024
5024
4951
4951
4659
4828
5013
5024
34087
12797
3759
4699
95255
286368
150760
96478
96478
42619
75360
75924
159467
4866
4950
10353
4442
5024
6038
8857
4614
107433
5024
73671
6394
36617
5022
4952
77348
5099
71303
62915
5024
4974
5024
75580
216032
403567
251254
349549
406944
335376
275194
285765
198663
8733
22707
5024
3692
40259
4929
4865
145696
145696
19287
9533
4756
5098
16729
59189
5024
4183
5024
5024
5091
75118
145696
145696
156273
75360
26726
145696
306322
497376
838973
809261
849951
919392
781892
666609
296126
497376
653334
619760
735394
558266
391018
128051
36512
13605
75360
219287
227024
85322
5144
4507
231269
420303
371282
516223
553363
719231
567712
497376
362584
197704
204818
58266
43568
177275
4879
75360
5024
5184
5085
44175
1765
5113
152861
121903
6229
13827
5024
7599
5044
153111
105570
44914
63008
75360
25242
76623
75998
5024
5114
2009
5024
6058
3766
12969
17965
4865
75360
203371
296393
288997
148144
149912
145696
420695
519076
497496
427237
564082
580210
416923
372974
604131
420380
285805
215710
225075
5085
5447
7610
6732
66915
3941
6001
6001
4770
4956
4956
4007
5024
3689
5085
5024
9706
37338
8455
8336
5024
75360
75360
75360
101198
4551
1291
5024
5027
3845
80655
145696
47532
4838
5444
145696
75360
229896
216032
75360
189585
164827
260433
286368
427040
314769
162565
43568
4991
5109
8540
79909
4324
76028
78560
5024
5024
5024
5024
5197
5024
15246
22975
4279
2859
4998
5297
145696
5024
4783
6767
6847
78055
5024
52282
216032
306639
222025
356704
294840
216032
171354
145696
75360
5024
5642
5024
75360
91644
3143
42388
75360
216032
286368
201079
5024
4464
6556
100695
216032
433591
245689
233345
106854
10628
5024
5024
75624
5024
4884
11726
4882
5024
64284
5085
4924
45800
10729
21347
5024
5024
4963
5022
19984
5039
5024
22605
4942
47506
8519
13499
5024
72932
245539
473259
287098
303598
480062
151110
111796
45355
4239
10807
252564
356704
175840
296416
162853
156798
99812
5340
146151
5708
79413
4647
5485
3938
3450
4031
4920
4443
75560
81986
5344
4768
5024
4835
5025
42103
5024
22855
4874
5024
4914
4951
104087
216032
216032
165825
191998
5741
4294
4952
4952
4981
145696
256202
145696
17326
77921
4919
4444
44983
80317
64990
71805
5024
97249
186330
161781
127583
151246
208246
23933
5024
13247
63543
77716
5024
79196
75360
120319
26794
131628
145696
150525
5024
77074
224190
498146
649747
638048
513226
513131
640531
549851
367579
115552
90557
64950
45980
5024
75408
342461
427040
367153
375035
529409
548098
590132
646877
589873
806516
827030
770939
708343
332146
343758
583987
316285
336969
477456
320801
326795
264635
343904
195936
145696
226667
206001
126487
79647
149463
145696
163706
126815
6821
70295
12475
75360
86751
362401
347419
342267
427040
427155
357767
508348
415639
283865
295168
452778
486256
434262
376438
400278
528564
628748
632297
721665
697523
494305
294662
248280
275712
203900
257648
215670
4875
4930
5085
2323
13551
75360
46678
75539
4985
5510
2679
4299
54540
5333
5024
8129
48833
10171
4955
6183
5024
12391
28684
9021
24435
4888
87736
80372
75360
75360
10247
9204
5024
5085
71440
4690
5024
5071
5064
5024
5085
4838
4475
4282
5109
75360
84122
56284
5024
22748
66075
5024
23197
4794
5098
5023
5024
5024
4775
5024
12534
211443
171341
223909
53342
4831
75360
181545
286368
250717
317892
63021
50148
7695
5021
5085
51466
4885
146690
5024
5024
145696
145696
145696
219839
248206
216761
98710
145696
145744
75360
5085
5024
4929
150689
145696
216032
77932
5013
5024
4964
3705
11823
7055
4517
5024
25519
75360
4524
5085
93350
5024
27263
6815
4917
3462
4856
3795
4877
4508
6167
4444
79700
4142
2961
5116
5085
193665
75360
4305
4305
5024
19808
4829
5136
90948
286368
81706
123169
5604
3920
5038
41819
3983
307495
365169
437012
427040
364679
406626
366591
413791
145696
413816
436001
356704
491751
329901
338336
77288
14761
5024
80559
77784
72561
4253
75360
63901
5024
149356
224684
145696
145956
7658
5024
5024
75360
75360
5024
40192
58248
4198
63115
4809
4310
4937
7904
4925
5024
8273
4964
5024
201006
18023
291718
81246
12773
5031
36978
17053
4837
163259
19995
59845
446372
303241
386848
559995
528268
185670
317507
316029
206212
147152
217282
257108
146219
78523
11217
4548
2748
5024
140999
75360
4689
4723
5025
4596
145696
145696
155744
190878
46649
89325
5024
5024
75954
25945
41780
58198
29292
75360
5024
6747
8118
89187
17844
13762
10280
4987
85354
150807
286368
427040
531688
447859
567712
536936
145696
111582
17044
216304
227285
216032
286368
519323
638048
589259
535687
435575
427040
427040
516208
287957
358110
344753
427040
286368
320173
87961
4912
5024
9775
64512
4088
4088
5024
4866
5024
4692
4759
5024
4700
5024
75360
44693
16599
5024
4228
2740
4959
4958
2371
5004
4783
128252
53285
4630
145696
75400
101239
75360
5085
9183
127850
77421
4618
80119
184113
216032
124670
63941
145696
77460
85272
3986
4993
74966
65822
4771
4742
150691
29272
75360
5024
80728
75360
323308
228040
372780
308537
185888
245772
253289
356704
427806
369423
356704
117592
161984
223145
155442
108432
4931
5022
3097
4956
5024
14158
126844
5104
5032
5107
136913
268605
35795
7740
64459
145696
266489
247886
378530
438997
286368
322638
286368
152711
19009
4713
3947
4868
5331
45843
2009
28229
4942
83063
180019
5024
145696
286368
281363
137477
75360
55460
4974
2752
3845
124032
146732
5024
5024
5085
75360
4421
79444
75360
75360
5024
4871
5771
74716
4218
294295
286368
152838
23383
99092
128657
48138
4910
4397
6685
6761
75360
74693
69778
5024
4805
13430
4654
5024
67638
67638
5262
5024
4569
4983
4657
5018
76043
53133
176925
270521
491786
298675
145901
206064
381746
235018
170684
4771
4419
8067
4926
4006
4777
5024
17447
46380
68525
4599
4840
78278
3773
8610
4796
4895
5085
10299
4962
4107
5015
5024
4962
5024
4213
4744
74247
4696
146901
100868
67786
4295
5024
5085
5085
4148
129425
9784
61191
146006
18015
5821
40051
26835
4064
145696
5723
80319
5085
5024
4940
5032
154072
4823
4905
5211
59741
85289
76115
121500
145696
5024
4734
4763
206493
284940
89878
136208
64155
21053
5000
13901
4533
4615
3828
26141
5085
4698
3639
9536
4146
150478
82045
7422
5085
4913
5810
5008
8947
222619
344259
217264
247557
80219
4519
4144
1535
4608
216032
145696
131910
75360
28094
3711
4945
5024
5132
2792
215663
216032
265436
161732
276510
287669
266743
430847
340055
411938
686137
752673
440896
364330
268000
434435
452803
577376
396070
324615
293889
293080
202849
244274
204022
34283
5024
4561
4954
39736
3850
78173
75360
6457
170252
49757
4854
161070
145696
192851
138946
4580
4567
5023
5023
5020
5020
5085
5140
73954
75360
148509
161604
268730
217720
496135
693314
363346
469915
427040
517107
634203
820811
568515
568766
638048
321401
242255
163616
198548
331905
357666
234744
120770
316512
276187
472014
368876
248219
217317
164271
145696
240227
216032
226998
347399
369425
64181
47553
161625
73417
110809
286368
317245
356704
148866
243738
5790
4988
5024
4815
5024
24219
145696
149276
80098
75666
52571
75360
20088
5085
306680
299606
354097
276320
372315
497376
640668
708384
634350
678842
645732
590224
589035
604867
659479
708384
791245
697363
636637
430052
526876
788257
780381
276548
380582
688971
520722
625963
608067
715772
642057
718432
527520
234386
4972
4102
5024
4738
4761
4104
4854
5436
5024
159079
85158
6736
75360
5024
4915
5032
5571
5024
3680
80233
16936
5085
61312
8824
9171
5024
5085
4827
5097
44974
4912
5024
5016
6831
1901
5216
4837
17881
55686
4859
216032
286368
295596
216032
75360
14237
60730
216032
147691
4403
4249
213409
284679
284398
345634
249821
33143
173100
216032
159763
381462
266272
199553
255902
299464
358454
215961
315963
96211
145696
145696
156663
224772
301560
257614
286368
83464
9126
9126
4997
83546
78715
4935
75360
110570
52485
145696
35772
4909
5024
5024
5334
5085
4582
70295
4592
5024
219848
423896
303911
6603
5024
6921
5020
57994
57994
5098
78297
75360
5085
147040
263265
286368
286408
99396
4942
4892
5024
75360
37378
4720
6475
6415
5586
5436
5024
6725
4788
4261
5024
5344
5908
145696
75360
112146
4940
13860
4997
23652
5340
145696
8484
145696
151604
5024
4984
126662
84011
81200
5085
27812
43725
62765
51444
4366
35475
4476
5024
78693
50182
4794
75360
188815
216032
164753
225035
216032
18765
145696
151894
17612
5011
5024
76598
145696
89415
151669
21403
4927
13268
5024
4934
222376
145696
196817
75360
128188
172986
298297
356704
365465
226240
263461
198345
20605
43286
36992
35988
74931
42685
50213
5024
6816
6813
7255
75360
61867
5085
4821
5024
8628
35127
65362
4982
5024
53466
145696
139627
5024
5103
5053
73329
4892
8715
4879
5495
5073
29782
5024
60831
5024
5024
66871
28465
7708
134541
76764
76093
79961
125675
148673
168382
5085
5024
23344
134501
230838
250421
75360
5024
5037
60043
5037
5024
5024
10042
10042
10342
5024
104279
348303
133457
4192
1168
4895
6099
16790
145696
220538
77508
151312
53673
19935
136394
123994
203665
146732
75440
275066
326560
149407
240187
346977
356583
373986
215871
75360
221160
155545
3860
3860
4663
4005
5024
3775
9533
60359
134392
97586
145696
47291
215959
145696
154444
216032
5024
39600
8278
13076
4948
246009
225678
302979
342516
155543
256224
420113
472766
497376
525485
275998
222532
335127
438338
217030
590340
708384
499840
229022
357852
372660
565891
286368
289721
145696
92783
6267
4326
5024
75360
6551
5440
225023
359819
567362
638048
627196
537022
697377
676512
602964
721715
205864
120410
158183
205984
120646
93620
73480
73480
4977
5024
19372
31534
4455
4630
67162
75648
40961
111716
5024
3667
4602
5024
11919
4038
4895
5558
6902
5358
162184
5085
8587
114469
3844
3686
4058
5024
4254
74913
4800
4800
4938
25200
5024
5015
47824
5024
127587
5024
145696
5024
6385
5024
11411
5085
5085
4647
6478
37948
145696
226927
286368
216148
296882
141369
145696
159416
4957
36253
93527
76217
75521
4947
11475
11475
5024
8493
6774
75360
5024
5085
4422
30375
31310
4614
216032
413692
226080
261489
632166
441477
567511
302108
284147
396896
286802
221345
6089
75360
89674
4348
4952
1633
4272
6065
26810
5085
5024
4526
2907
5265
4906
145696
97544
157519
152617
216032
6347
134889
29260
5024
5024
4760
5024
4843
5024
41749
312628
21212
21212
3707
5166
4821
4039
5097
5024
5024
4662
4174
4161
4991
4991
4991
5024
4949
4951
75360
44974
4471
182150
358514
338813
556041
583869
539149
593314
556921
633552
638048
497376
320901
117448
206198
412379
343017
387116
546762
378710
286368
249732
129940
278936
75360
7554
7554
4552
4552
50476
4872
4872
4735
5031
4434
4434
4434
4909
4757
6805
5060
75360
19481
19481
13248
145696
145696
11644
4960
5024
5085
5085
