0.0
0.9998009950248727
0.9998023181962499
0.26000414157276175
0.9998009950248727
0.5803758351893084
0.011458084738819926
0.0015917060527519441
0.0009898556542598125
0.9173040471183814
0.9998009950248727
0.9998050717085972
0.9998009950248727
0.9998030106669297
0.9998045214350959
0.9998056932672289
0.9998088182578535
0.9997980743381131
0.37315669572628796
0.9998009950248727
0.05176085069796491
0.999802514541563
0.33789446448849253
0.9998009950248727
0.9998047115327338
0.999800959304352
0.9998009950248727
0.9998032845518733
0.9998009950248727
0.9998050530722052
0.9998009950248727
0.9998009950248727
0.9998068594753319
0.9998061799984085
0.9998016318661086
0.18063123477267115
0.9997993304391853
0.9998009950248727
0.9998016647417232
0.2905618920676497
0.012207578006687357
0.0331205506423347
0.9998009950248727
0.0769165191488935
0.10106201702396722
0.04228600919868244
0.9998009950248727
0.9998009950248727
0.005349896480331262
0.08896866227681134
0.010709743236839644
0.9998009950248727
0.008722120641987087
0.9998009950248727
0.3195388819875777
0.9998030730138535
0.9998009950248727
0.9998050136510271
0.9998000019959854
0.9998009950248727
0.9998006314660707
0.9998009950248727
0.9998088596151334
0.9998009950248727
0.9998009950248727
0.9998028460131937
0.9998009950248727
0.9997993224649531
0.999798343392959
0.9998016793282659
0.9998009950248727
0.9998009950248727
0.9998009950248727
0.9998023613453688
0.9998043815355226
0.9998009950248727
0.9998009950248727
0.9997997686570113
0.9998009950248727
0.9998009950248727
0.9998021918738795
0.9997976780771424
0.9998009950248727
0.9997994917534477
0.9998077595595627
0.9997967043875294
0.9998023814038877
0.6077356400267044
0.9998069944570694
0.9998051612390126
0.9998009950248727
0.9998009950248727
0.9998022436215597
0.9998009950248727
0.0330314356767382
0.9998009950248727
0.9998009950248727
0.9998009950248727
0.9998030538611782
0.07416475168293277
0.025221599453178402
0.9998051181297662
0.9997972420124102
0.9998009950248727
0.9997984395964787
0.9998019190339041
0.9998009950248727
0.9998041449327469
0.9998009950248727
0.9998009950248727
0.9998015066363716
0.25231943570222504
0.9998009950248727
0.9998009950248727
0.9998009950248727
0.9998009950248727
1.003796203796201
0.9998009950248727
0.9997988551438992
0.9997979396205373
0.9998006585033444
0.9997978730826319
0.9998092513113944
0.9998092513113944
0.9998009950248727
0.9997946341171038
0.2410073955626624
0.9998057324840735
0.5945978148958916
0.9998005862763446
0.9997983260263025
0.9998009950248727
0.9998025446707891
0.9998009950248727
0.9998031169816568
0.9998009950248727
0.9998009394540767
0.9998009950248727
0.9998009950248727
0.9998019406620584
0.9997980120554042
0.9998045394710571
0.9998009950248727
0.9998069833657997
0.9998009950248727
0.9998009950248727
0.9998015936254951
0.9997979838307188
0.9998057924680015
0.9998009950248727
0.9998050291364271
0.9997976203492909
0.9998009950248727
0.9998009950248727
0.999805129731604
0.004961852793758179
0.9998009950248727
0.9998009234274721
0.9998009950248727
0.9998009950248727
0.9998009950248727
0.23704757177323452
0.014637700636734457
0.9997968935486738
0.049427497661044366
0.6639632504356077
0.002606409021786005
0.9998009950248727
0.9998025193740435
0.9998020987112448
0.9998009950248727
0.9997998165649771
0.7641685461355783
0.9998009950248727
0.9998020628390838
0.9998009950248727
0.02808308837242347
0.9998009950248727
0.015955091581922178
0.0047579582483511474
0.0037473686864230526
0.9998028300853378
0.9997994837603743
0.9998009950248727
0.9998009950248727
0.9998009950248727
0.09817195286169651
0.9998009950248727
0.9998009950248727
0.9998041727490264
0.9997995813035124
0.9998015195535159
0.9998009950248727
0.9998009950248727
0.9998009950248727
0.00572870194843142
0.055833017984823444
0.9998009950248727
0.9998009950248727
0.9998009950248727
0.9997997926138601
1.0060575719649534
0.9998009950248727
0.9998012616088985
0.9998009950248727
0.9997960866929645
0.9998052323841045
0.9998009950248727
0.9997990389685298
0.9998009950248727
0.9998083879944316
0.9998053109727427
0.9998009950248727
0.9997987471412918
0.9998009950248727
0.9998040894339669
0.06111929531475436
0.9998009950248727
0.999799872935194
0.9998009950248727
0.9998009950248727
0.9998009950248727
0.9998009950248727
0.12626719708271178
0.006326858294241728
0.023494447655995402
0.9998009950248727
0.9998006077095676
0.045052708772573107
0.9998009950248727
0.9998009950248727
0.31714782935891944
0.9998009950248727
0.999799638068764
0.9998009950248727
0.2074462607029519
0.9998009950248727
0.999803136270346
0.9997990949326143
0.37277544695165715
0.999801228408433
0.9997996714292797
0.9998031602168004
0.9998030808321394
0.9998009950248727
0.9998009950248727
0.9998040113928308
0.9998009950248727
0.9998009950248727
0.9997977051932967
0.9998009950248727
0.9998009950248727
0.9998009950248727
0.9998017847350289
0.9998009950248727
0.9998009950248727
0.04434450442397536
0.9997971529538574
0.9998009950248727
0.9998009950248727
0.9997984120952715
0.23634224129572773
0.002090790627023906
0.00783833051880515
0.9997976927433669
0.16100710408749472
0.9998009950248727
0.9998009950248727
0.9998009950248727
0.9998084943314692
0.9998084943314692
0.06226138088963558
0.9998009950248727
0.9998048468367564
0.9998009950248727
0.9998009950248727
0.007319080744436756
0.17875917258115828
0.17875917258115828
0.03679170141681924
0.042962822520814445
0.2728725811353883
0.9998009950248727
0.9998042583789369
0.9998013429218455
0.0030939146940885676
0.04440994954569041
0.9998009950248727
0.9998009950248727
0.9998009950248727
0.9997980464493138
0.9997980464493138
0.9997968365694146
0.9998009950248727
0.9998020018923333
0.9998090616174045
0.030122826360277764
0.03510372193480336
0.5854037707225045
0.04503072382585252
0.9998009950248727
0.9997993997946113
0.9997989669133017
0.012981021949139877
0.9998009950248727
0.9998009950248727
0.9998009950248727
0.9997991229029696
0.9998009075099418
0.23815662739868065
0.8208560174747549
0.9997974037368613
0.4658900875593934
0.1912766513852045
0.9998064509692388
0.9998009950248727
0.03442418452754528
0.9998009950248727
0.9998009950248727
0.9998009950248727
0.9998009950248727
0.9998001512799047
0.9998009950248727
0.9998009950248727
0.9998012447099798
0.9998009950248727
0.9998009950248727
0.9998017412463945
0.9998054474708143
0.9998017382666969
0.0027908785378996195
0.012281681552671512
0.9998049361871153
0.0987208599832655
0.37091021631482896
0.9998009950248727
0.9998009950248727
0.20381476084890696
0.9997971610533223
0.022693026960940933
0.825783389685126
0.17938751602357655
0.9998009950248727
0.9998009950248727
0.040432441984487116
0.006050232950226176
0.007832255047158782
0.39235120942075086
0.9998009950248727
0.9998009950248727
0.9998009950248727
0.9997961960570066
0.9998009950248727
0.9998009950248727
0.9998009950248727
0.9998021009285235
0.9998009950248727
0.9998041921935013
0.9998009950248727
0.9998038203407302
0.9998009950248727
0.9998083194146158
0.9997975409999373
0.9998060228701403
0.9998009950248727
0.9998062847613979
0.9998009950248727
0.9998035277507081
0.9998009950248727
0.9998006538553516
0.9998009950248727
0.9998051040376984
0.8419775747176866
0.9998009950248727
0.9998059857576785
0.9998041776758533
0.9998003777711473
0.9998009950248727
0.005748583179894307
0.9997991947909908
0.9998106452382819
0.9998009950248727
0.9997971934447144
0.9998009950248727
0.9997994847316782
0.9998009950248727
0.9998009950248727
0.9998099441362966
0.9998009950248727
0.9998009950248727
0.9891990691263542
0.9998009950248727
0.9998053382098682
0.05597669728881918
0.9998009950248727
0.9998009950248727
0.9998009950248727
0.9998009950248727
0.9998009950248727
0.006794002084836821
0.999801970374924
0.9998044584275003
0.9998033486572434
0.9998009950248727
0.9997964376590303
0.9998009950248727
0.2166103981559265
0.9998009950248727
0.9998038220869242
0.9998023656235936
0.9998008083428942
0.29764552264449096
0.9998009950248727
0.9997995436928965
0.9998034417586762
0.9998058756565648
0.9998009950248727
0.3291283966311775
0.0025248134281478504
0.9998009950248727
0.1156148236240578
0.00374883735398877
0.9998036672718901
0.9998009950248727
0.1685139368648344
0.9998009950248727
0.9998009950248727
0.9997980424110908
0.9998101253252272
0.9997977208826335
0.9997966922786716
0.9998009950248727
0.999803172004908
0.9998026891558568
0.9998009950248727
0.9998042686929337
0.9997996540933919
0.9998029595868094
0.9998083641081917
0.9998056799704701
0.9998009950248727
0.999803446660484
0.9998009950248727
0.9998009950248727
0.9998009950248727
0.9998009950248727
0.9998001234297518
0.9998067057621103
0.9998013165768972
0.9998026067057976
0.008495663450041262
0.9998055131238677
0.9998055131238677
0.01674346506781706
0.03488346776188827
0.03488346776188827
0.02973079026084719
0.0016528150740419373
0.0032487806891428024
0.9998009950248727
0.9998009950248727
0.9998039547067742
0.9997962635045036
0.22324461802843298
0.9997965055502982
0.9998009950248727
0.9998009950248727
0.9998009950248727
0.9998009950248727
0.9997997775305866
0.021533386003142828
0.0015527441384961174
0.9998009950248727
0.9997978753033832
0.01827604986681718
0.9998017229317796
0.9998009950248727
0.9998018327492203
0.02041606779452422
0.09086552217453504
0.9998009950248727
0.9998009950248727
0.999805092361455
0.9998009950248727
0.9998009950248727
0.9998009950248727
0.9998009950248727
0.9997994947586151
0.9998009950248727
0.9998009950248727
0.9998100407055602
0.9998017737081993
0.9998009950248727
0.48921250148921736
0.5106652274726146
0.9998059609126996
0.9998008282193256
0.10332116218830946
0.9998011579157488
0.9997994927405958
0.9998009950248727
0.9998009950248727
0.9998009950248727
0.9998009950248727
0.12016024555039563
0.9998009950248727
0.1519852108056533
0.9998023809523781
0.04429387326557027
0.0038179474235363327
0.9882528118481824
0.16031144789504526
0.9998009950248727
0.9998009950248727
0.03157189262118979
0.9998059780281044
0.9998020903707796
0.9998000399919987
0.9998009950248727
0.9998038903061196
0.9998009950248727
0.999802282735685
0.9998058097254937
0.9998009950248727
0.9998009950248727
0.9998009950248727
0.9998059196491443
0.9998009950248727
0.9998009950248727
0.9998009950248727
0.10358513907179058
0.9998009950248727
0.9998009950248727
0.9998147667618089
0.008314746075181257
0.9998009950248727
0.9998009950248727
0.9998009950248727
0.9998009950248727
0.9998046680353164
0.9998009950248727
0.1114971906175545
0.6811673321810979
0.9997986456523014
0.9998009950248727
0.9998009950248727
0.9997991106876261
0.9997949209009088
0.9998052246103466
0.9997981185605466
0.007059092146514099
0.007059092146514099
0.9998009950248727
0.9998009950248727
0.23384742289753419
0.9998040291761014
0.21145262581219476
0.9998009950248727
0.9997978413908801
0.9998009950248727
0.2956758502253071
0.9997997101594095
0.9998050569580484
0.9998015912382662
0.9998009950248727
0.9998009950248727
0.0405888140661138
0.15601142779607854
0.9997993083734754
0.9997977289209862
0.9998009950248727
0.9998049168906114
0.28877689947061846
0.9998009950248727
0.9998068056205595
0.3279015659486119
0.9998009950248727
0.9998039391137462
0.9997987471412918
0.9998025066464081
0.9998009950248727
0.9998009950248727
0.9998009950248727
0.9997992951436564
0.9998054320203276
0.9998052122648526
0.004624493399278062
0.9998033900324677
0.9931211053375512
0.9998009950248727
0.9998009950248727
0.9998009950248727
0.9998051883510556
0.9998062713195998
0.99979750576629
0.9998059818929684
0.9998009950248727
0.9998054525019615
0.9997991274222988
0.09907812087810235
0.1316219930671367
0.009882119239917405
0.003567392676427696
0.013138117585712426
0.054960430073965165
0.0755528162713482
0.9998009950248727
0.9998045160775524
0.19967211485915842
0.22061830308331512
0.002751284359394734
0.040595308441781525
0.9998018541359937
0.9998009950248727
0.9998009950248727
0.12894093526652067
0.00262752377647586
0.9998009950248727
0.4374686475014461
0.785667738283901
0.9998068444257793
0.9998009950248727
0.9998009950248727
0.9997993344260638
0.9998049014033904
0.9997969421404989
0.013219807390731279
0.021716361814081684
0.021716361814081684
0.10716691795577499
0.9998009950248727
0.9998046378653085
0.9998009950248727
0.99980243870929
0.9997970351208807
0.22321224503930406
0.05548305804366285
0.999805531202675
0.9998044029299614
0.9998009950248727
0.9998032650060085
0.9998009950248727
0.999804231070869
0.9998009950248727
0.9998076442418216
0.9998016436940356
0.9998009950248727
0.9998023904382441
0.6979269524180873
0.9998009950248727
0.34274113016640007
0.9998009950248727
0.9998065171089009
0.9998009950248727
0.9998047614304185
0.9998009950248727
0.9998046766445643
0.9997987662454304
0.9998009950248727
0.9998009950248727
0.9997989909823989
0.004366275216999272
0.9998030771678887
0.9998009950248727
0.9998009950248727
0.9998017110418137
0.9998009950248727
0.9998000119514743
0.9998009950248727
0.9998009950248727
0.9998003486924006
0.9998077518760151
0.9998009950248727
0.9997984886649846
0.9998009950248727
0.9998097209505963
0.9998009950248727
0.9997989350711249
0.9997981788326588
0.9998009950248727
0.9998009950248727
0.9998071934724031
0.9998009950248727
0.9998009950248727
0.9998037040368577
0.9998044645267034
0.9998008242443567
0.9998006862598808
0.9998009950248727
0.9998013370774138
0.9998009950248727
0.9998009950248727
0.9998009950248727
0.9997937031484229
0.9998029438749024
0.9998009950248727
0.9998032275481404
0.999805092361455
0.9998013040664946
0.9998033651732516
0.9998009950248727
0.9998009950248727
0.9998009950248727
0.9998036098195061
0.9997989909823989
0.14261984695883606
0.9998064541928231
0.999799922435136
0.9998009950248727
0.9998027911415025
0.9998019368822928
0.9998041737708485
0.9998009950248727
0.15973196853106655
0.9998009950248727
0.9997972709551628
0.9998066635568716
0.9998009950248727
0.99980359935064
0.9998009950248727
0.9998037618924634
0.9998020058362437
0.9998009950248727
0.9998028140904073
0.9997970597634999
0.9998009950248727
0.9998009950248727
0.9998024118552858
0.9998034680933399
0.9998009950248727
0.9998009950248727
0.9998009950248727
0.999806817163396
0.9998009950248727
0.9998009950248727
0.9998036124139279
0.9997981933116609
0.9998035121213901
0.9997968816766176
0.9997984483723878
0.9998038451935052
0.9998028416347353
0.9998009950248727
0.2020973441786356
0.6575525603093332
0.9998009950248727
0.003361172607807224
0.999807794127928
0.9998009950248727
0.999800765979399
0.9997985249145501
0.4706580618358113
0.5973342920773774
0.0034925825868524574
0.02547489946653158
0.9998009950248727
0.32558697154532584
0.9998009950248727
0.7921340194897604
0.9998009950248727
0.6278011164068006
0.21814499772016163
0.06397962432346387
0.9998009950248727
0.9998034975835753
0.9997984896700988
0.9998046101654418
0.9998064323409313
0.3290132323703154
0.9997967689437514
0.9997980841845833
0.9998009950248727
0.9998009950248727
0.9997981764366989
0.5134246575342454
0.9998009950248727
0.9998009950248727
0.9998042089102861
0.06225219021385669
0.9998009950248727
0.9645548316506662
0.9998029792888442
0.9998009950248727
0.9998009950248727
0.10122764109640664
0.006529142257983634
0.09485637942551771
0.6308393237619214
0.9998009950248727
0.9997977698733036
0.9998009950248727
0.9998009950248727
0.9998009950248727
0.9998009950248727
0.9998009950248727
0.9997992120472743
0.09097366409919541
0.6113517698675813
0.9998029792888444
0.9998009950248727
0.9998009950248727
0.026434171714214947
0.9998009950248727
0.999808150607753
0.9998009950248727
0.9998030185218386
0.9998009950248727
0.9998011856997396
0.027247310961608186
0.9998009950248727
0.9998060290956328
0.9998009950248727
0.9998009950248727
0.9998017540200401
0.9998009950248727
0.9412554965279826
0.24959630911187955
0.07400126674652671
0.9998009950248727
0.9998058348802322
0.321112390797494
0.9998003752944435
0.9998009950248727
0.9998009950248727
0.9998009950248727
0.9998009950248727
0.9998009950248727
0.9998063659683171
0.9998049442056635
0.9998015174567159
0.9998064901453285
0.9998009950248727
0.9997999681224071
0.9998009950248727
0.9998009950248727
0.9998009950248727
0.051135023989033586
0.9997999202869642
0.9998009950248727
0.9998009950248727
0.9998051818435838
0.5989803877957901
0.9998009950248727
0.6542849857801295
0.009544569119564692
0.2879616902407655
0.999811341362907
0.15330291512627595
0.9998009950248727
0.9199836106530731
0.9998009950248727
0.13248059501416187
0.9998009950248727
0.9998050291364272
0.9998009950248727
0.1353813441581192
0.999797347162658
0.20324479997007794
0.0031413380970609505
0.027313311056604818
0.008238538271336944
0.017199680308959096
0.048178152473497306
0.9997977682711552
0.020220821983142102
0.9998009950248727
0.05459249803613512
0.005260849530598535
0.6638546496587118
0.9998009950248727
0.9997984362814664
0.9998009950248727
0.0503265569696821
0.0503265569696821
0.0007196000232752794
0.9998027636942013
0.20507506648900292
0.43854293009894624
0.9998033869972709
0.9998009950248727
0.9998009950248727
0.9998031667923302
0.9998009950248727
0.006280721956592485
0.9998043437279833
0.9998009950248727
0.018078373906877807
0.9998009950248727
0.9998069017687371
0.9997980464493138
0.9998009950248727
0.9998043165467597
0.9998009950248727
0.9998009950248727
0.9998061725064664
0.9998009950248727
0.9998009950248727
0.9998065122229078
0.9998009950248727
0.9998009950248727
0.9998053139711133
0.9998009950248727
0.9997992316519455
0.9997978109452708
0.0020855397148676173
0.9998014898208804
0.9998009950248727
0.9998035707185148
0.006206516039305989
0.9998009950248727
0.9998047115327338
0.9998009950248727
0.999799442896933
0.9998023932374546
0.9998009950248727
0.9998023652670818
0.9997979112167235
0.0074917285665023255
0.9998009950248727
0.9998009950248727
0.9998009950248727
0.9998009950248727
0.9998009950248727
0.055745988895379475
0.02239229125867901
1.0004987412058524
0.11803961884548199
0.007320584296930251
0.16231454377814156
0.9610349453017073
0.18141529051039793
0.9998009950248727
0.9997976216560736
0.15026946613922976
0.005419596685567115
0.9998009950248727
0.9998007213885705
0.999802033439218
0.9997987476307169
0.9998009950248727
0.9997996979572342
0.9998009950248727
0.999803253276625
0.1326612702818162
0.9998009950248727
0.7942607341756971
0.9998009950248727
0.9998009950248727
0.9997970430240958
0.9998009950248727
0.9998009950248727
0.9998041182839461
0.9997967164949448
0.9998009950248727
0.9998009950248727
0.9998036565977714
0.999803738503404
0.9998053760867803
0.9998009950248727
0.9997997141629242
0.9997990150538895
0.999798943060354
0.02327615357198344
0.0010710422979859494
0.0014312931565583725
0.9998037471896049
0.9998009950248727
0.08149313100511824
0.01336918154446043
0.9997998428189107
0.034100986656710526
0.9998009950248727
0.9998009950248727
0.9998009950248727
0.9997991824423513
0.9175913498874902
0.9998101662537654
0.005825518530865451
0.9998009950248727
0.9998046207785174
0.9998030536629006
0.9997992481804339
0.9998009950248727
0.999803774640567
0.9998009950248727
0.0036617074970618515
0.999798646345229
0.9998009950248727
0.9998032884605803
0.9998008600133663
0.9998060484878751
0.9998061027655314
0.7385152176730351
0.9997989110996276
0.999803646284511
0.9998009950248727
0.9998009950248727
0.999804290853285
0.9998009950248727
0.9998009950248727
0.9998029124276852
0.9998009950248727
0.9998028847595506
0.9998009950248727
0.9998032466301467
0.9998009950248727
0.9998009950248727
0.9998009950248727
0.9997985428196015
0.9998009950248727
0.9998027797343251
0.9998043476103988
0.9997996183206077
0.9998009950248727
0.9998009950248727
0.9998026970046513
0.9998020078637977
0.9997978102773087
0.9998069517279782
0.9998009950248727
0.9998009950248727
0.9998054885704578
0.9998052681561425
0.056761036832166496
0.9998009950248727
0.9997998229049528
0.9998043025538289
0.031934154217753155
0.031934154217753155
0.9998009950248727
0.09331117695127568
0.9998009950248727
0.07740170400203568
0.007467102467723484
0.9998009950248727
0.06337991065778556
0.9998009950248727
0.9998009950248727
0.9998009950248727
0.10139240295717857
0.9998009950248727
0.012352093216563014
0.002491476885312969
0.019207107108924433
0.34855516165519085
0.006407539076024083
0.9997982239713888
0.07291099764934844
0.9998009950248727
0.9998009950248727
0.03951431111111111
0.9998009950248727
0.9998009950248727
0.9998050562299594
0.9998009950248727
0.9998009950248727
0.3309474414169721
0.9997986310092298
0.9998058965376915
0.03363394082967669
0.9998034751348084
0.9998009950248727
0.9998009950248727
0.9997987742798367
0.9997977811547104
0.9998009950248727
0.9998039254757369
0.999803995777142
0.019831931379580534
0.22712056074766315
0.9998009950248727
0.9997998181981611
0.028792383889512767
0.12133563254428595
0.9998006220591724
0.9997991151500629
0.9998009950248727
0.9998009950248727
0.9998011572647164
0.9998009950248727
0.9998021477124546
0.9998009871197724
0.9998009950248727
0.9997989428542906
0.9998009950248727
0.9997977223859174
0.9998009950248727
0.9998009950248727
0.9998009950248727
0.9997976565528042
0.9998009950248727
0.999798950786907
0.9998007213885706
0.9998009950248727
0.9998015687600008
0.9997962946352908
0.49943211347716443
0.34569042938155714
0.005809872500713105
0.3092812214070347
0.003028649797296279
0.042241509039186574
0.999801604262126
0.9998009950248727
0.9998061145433929
0.7370636368166624
0.9998045796675443
0.9997999481937524
0.9997998165649771
0.41166018474767146
0.9998009950248727
0.9998009950248727
0.9998048858502231
0.9997984866586987
0.9998011727237522
0.9997976806812846
0.9998009950248727
0.9998001176951669
0.9998009950248727
0.9998018874505438
0.9997989467688558
0.027374180728040706
0.005179830940326091
0.05164303609866262
0.9997988385319975
0.9920214061782355
0.001531742341669398
0.58018117382368
0.2887830489405588
0.999802301182411
0.9998009950248727
0.9998009950248727
0.9998009950248727
0.9998009950248727
0.9973683322247234
0.9998013688364862
0.9998009950248727
0.3380307850812425
0.2681181520298944
0.005914455416290337
0.020074060782042706
0.9998009950248727
1.0075086790876235
0.9998009950248727
0.9998009950248727
0.9998009950248727
0.9998009950248727
0.02210671036028401
0.9998085206319989
0.9998009950248727
0.9998009950248727
0.9998009950248727
0.11724062741064527
0.5415065973610547
0.9998009950248727
0.010142428306827617
0.9998008444196578
0.9998009950248727
0.9998047105102857
0.7610184710107727
0.9998065556152577
0.9950447019044276
0.9997980440486575
0.1574396886571066
0.007542250524214453
0.9997999322479695
0.9998033172755625
0.9998009950248727
0.9998025359794547
0.9997958818974219
0.9998009950248727
0.0948839990266625
0.999793791817481
0.13694898224650356
0.9998009950248727
0.6583017873305403
0.6583017873305403
0.2395551917586696
0.005486138600346706
0.0056567594964134545
0.1644749503648506
0.1007052013196463
0.12126533986138488
0.9998009950248727
0.9998009950248727
0.9998009950248727
0.9998059918963665
0.9998082186307581
0.99980820713629
0.9997989669688768
0.9998009950248727
0.9998089590256881
0.9998009950248727
0.9998045907250214
0.009776525581097524
0.015468685056767224
0.9998023522861689
0.7463051292572815
0.049480188628109927
0.17434415389932026
0.9998009950248727
0.32664236565368066
0.9997993264521484
0.9998009950248727
0.009850354704858788
0.05997797205204103
0.9998033180091916
0.021641487440861196
0.9998050647292703
0.07627331523239514
0.4940932566840032
0.9998009950248727
0.9997998261963952
0.09896059349074667
0.00938280536095035
0.09738208939930354
0.9998009950248727
0.017005157859042316
0.9998009950248727
0.04977037909171615
0.02939919865687476
0.9962340298507434
0.1237931632428933
0.9998009950248727
0.9998007134458609
0.9998023378118212
0.04358483214438614
0.9998009950248727
0.9998009950248727
0.9998009950248727
0.007243641940510695
0.9998047572941489
0.6532137115182297
0.9998022985292181
0.9998009950248727
0.9998128608401325
1.005149010072939
0.999804609617989
0.2339230147607888
0.004817713205072876
0.9998009950248727
0.9998055839934769
0.9998023404953389
0.9998009950248727
0.9998009950248727
0.16470225420368587
0.9997973536774319
0.9997972865123674
0.2068239051582378
0.12627413127413128
0.29254145468720333
0.9998014918070408
0.9997975962064172
0.9997990590861944
0.9998009950248727
0.9998009950248727
0.9998009950248727
0.15182170255071
0.10992499942307249
0.9998009950248727
0.9997990230286086
0.999797851173893
0.9998004838565128
0.9997983006432116
0.7563195283429157
0.042046026665825804
0.9998009950248727
0.07715673929900192
0.07784963778671174
0.026777213548307196
0.9998052479297588
0.9998009950248727
0.0726667008471052
0.01436035291723955
0.49800448520976015
0.005337109387571203
0.9998009950248727
0.9998029006323909
0.12293084973595751
0.9998009950248727
0.15210226443335845
0.13291953271380608
0.18756405729949716
0.9998019900596592
0.9998094382022444
0.9998018044962835
1.0009621720319108
0.9997996740728935
0.9997974248584044
0.021109543318120337
0.027151755872101058
0.0017187565608073117
0.0047198973239576366
0.9998009950248727
0.9998009950248727
0.9998009950248727
0.9998009950248727
0.9998009950248727
0.004973420888055035
0.5483365561326398
0.9998009950248727
0.43056400627228464
0.015666792297376657
0.9998009950248727
0.9998009950248727
0.999801110267979
0.9998009950248727
0.9998007531530785
0.9998062509966484
0.9998009950248727
0.9998047577863242
0.9998044957970565
0.9998054470822028
0.9998054354231352
0.9998050456424876
0.9998001489942857
0.9998007422549438
0.9998009950248727
0.9998009950248727
0.9998009950248727
0.9998019308750682
0.9998051662873769
0.9998018896071578
0.999800606157279
0.9998009950248727
0.9998009950248727
0.9998044136910388
0.9998059818929684
0.9998009950248727
0.9998009950248727
0.0790070000721657
0.006582362562999743
0.9998030378238828
0.01524956885525914
0.9998009950248727
0.9998009950248727
0.9998011135260638
0.9923430845771116
0.9998009950248727
0.15074697007172877
0.999793610714675
0.9998009950248727
0.9998105921477115
0.9998068789402254
0.02507255995347405
0.006080697637651131
0.45584298473886264
0.45584298473886264
0.0016646219142198717
0.0016646219142198717
0.9998009950248727
0.5282418304558208
0.9998033674322305
0.9998009950248727
0.9998009950248727
0.9998042777033369
0.9997983113047082
0.9998009950248727
0.99980306149852
0.9998009950248727
0.9998009950248727
0.9997991904119345
0.9998009950248727
0.9998074245016483
0.9998009950248727
0.9997980262565838
0.9998009950248727
0.9998010267022137
0.9998009950248727
0.9998019111390082
0.999798188463369
0.9998024090133396
0.9998009950248727
0.9998009950248727
0.9997964781174198
0.9998090236333227
0.9998060368529951
0.9998009950248727
0.999794288215338
0.9998009950248727
0.9998024681504806
0.999802314320228
0.9998015235166651
0.9998018580778614
0.9998009950248727
0.9998009950248727
0.9998009950248727
0.9998009950248727
0.9998009950248727
0.9998039939721132
0.9998026886167247
0.9998013529582194
0.9997997007481267
0.9997972339194097
0.9998009950248727
0.9998009950248727
0.9998055079510552
0.9998009950248727
0.9998013799704834
0.9998056164110707
0.22683880360545533
0.23001055546586807
0.9998009950248727
0.03664848740846513
0.0029982506723162366
0.9997983566863783
0.9998009950248727
0.9998040855333863
0.9998006975585422
0.9998002093614448
0.9998009950248727
0.9998009950248727
0.9998058213636427
0.9998009950248727
0.9997974815007111
0.9998009950248727
0.9997977771376895
0.9998009950248727
0.9997997192884631
0.9998009950248727
0.9997946136018512
0.9998009950248727
0.9998009950248727
0.9998009950248727
0.9998016396720627
0.9998009950248727
0.9998043052837545
0.9998009950248727
0.9998009950248727
0.9998009950248727
0.999798368984755
0.9997975346870691
0.9998000457151915
0.999797737538471
0.9998009950248727
0.9998035785288242
0.999806051434201
0.9997985789065116
0.9997974531835178
0.9998009950248727
0.9998070944599414
0.9997989027431392
0.9997983526843278
0.9998013013363156
0.9998098851722388
0.9998009950248727
0.9998009950248727
0.9998031519595119
0.3851653090560611
0.04541726456255873
0.9998009950248727
0.004814212785411323
0.20809411664863245
0.017757468008733804
0.20656813703198393
0.7502482845163265
0.9998009950248727
0.9998009950248727
0.9998041844161747
0.9998019525245035
0.9998009950248727
0.9998009950248727
0.2968061372998835
0.9998056844259416
0.08213524406627855
0.9998009950248727
0.013986215937643981
0.9998057170156832
0.9998008486787812
0.9998009950248727
0.9997982295238826
0.9998034261156733
0.9998053187555562
0.9998009950248727
0.9998009950248727
0.12528191609048192
0.7988552449708123
0.7577902811268873
0.20250145860794774
0.004509469526972444
0.3012492231465878
0.9998056450727805
0.0019226005409367813
0.999804247939318
0.06938830604205018
0.4839795486114518
0.9998017397535652
0.08623686743257887
0.9998009950248727
0.9998009950248727
0.9998040404241124
0.9998009950248727
0.9998009950248727
0.8586886545627503
0.9998009950248727
0.9998009950248727
0.999804477075932
0.014094343702696858
0.004317370003587859
0.9998009950248727
0.9998009950248727
0.9998009950248727
1.0035596114100835
0.99979846449136
0.9998025233132172
0.9997993910084156
0.9998009950248727
0.9998009950248727
0.9998009950248727
0.9998009950248727
0.9998009950248727
0.9998009950248727
0.999799548785111
0.9998020692757507
0.9998009950248727
0.9998061453909539
0.9998008209674666
0.9998009950248727
0.9998009950248727
0.9998087950310531
0.9998056567067363
0.9998009950248727
0.9997983086512855
0.9998009950248727
0.999797602770484
0.2544200083014222
0.2544200083014222
0.02734948412472211
0.9998017713205265
0.9998010148640673
0.21294871639548782
0.9998009950248727
0.9998046207785174
0.9998015354051625
0.9998009950248727
0.9998029674537304
0.42864447683448315
0.0020547006799243395
0.9998009950248727
0.557292564044433
0.9998009950248727
0.043971527432131785
0.9998009950248727
0.0871081333508294
0.9998009950248727
0.9998009950248727
0.9998014512399301
0.9997985007496224
0.9998054745032623
0.9998009950248727
0.4592755588857373
0.7188708654957658
0.24118518904755956
0.24118518904755956
0.8234836835980603
0.9998004419071966
0.9998009950248727
0.9998009950248727
0.9998012526262307
0.9998054834571408
0.9998009950248727
0.9998009950248727
0.999797693061189
0.6408949156848407
0.01614820619720076
0.9998009950248727
0.9998009950248727
0.9998009950248727
0.15419476489540182
0.999800306303078
0.9998032904863734
0.9998009950248727
0.11425221573069434
0.003623430773738421
0.8883902497526437
0.1329959313287685
0.03772304422861231
0.9998009950248727
0.9998041440257929
0.9998009950248727
0.9998009950248727
0.9998009950248727
0.9997962513430669
0.7771318621038841
0.9048241855471251
0.5425240248008878
0.4235992663393285
0.9998063667875184
0.9998009950248727
0.9998059702979144
0.9998009950248727
0.9998009950248727
0.9998009950248727
0.22531277839525518
0.9998129741692976
0.9998065160903429
0.9997941420419882
0.9998009950248727
0.9998009950248727
0.9997993885747369
0.999802544670789
0.9998038125496397
0.042935735965394455
0.9998019683865167
0.055968355287605014
0.0034017774016081256
0.9998045589613677
0.48392258064516014
0.2244058065641867
0.9998009950248727
0.9998009950248727
0.9998009950248727
0.9998054587398733
0.9998009950248727
0.9998009950248727
0.9997986277293957
0.9998009950248727
0.9998056427585903
0.9997967407054498
0.9241795908634762
0.003074910392894166
0.9998066053253288
0.9998009950248727
0.9997975025312156
0.9998006339839282
0.9997991189076814
0.030593427789740172
0.12226598941573798
0.9998009950248727
0.49878348290510616
0.9997996103534623
0.9998009950248727
0.9998017189686159
0.9998009950248727
0.9997998524809093
0.9998009950248727
0.9998041464314533
0.9998009950248727
0.9998009950248727
0.9998009950248727
0.9998017982017954
0.9998011340947179
0.8611699119977678
0.9998009950248727
0.9998051001457727
0.9998034035510953
0.3732365349429
0.5445961940818961
0.999804707309552
0.9998009950248727
0.9986671974522264
0.9998025193740433
0.18747515660521588
0.9998009950248727
0.9998070951444262
0.9998009950248727
0.3046158467697167
0.9998009950248727
0.9998059393709936
0.9998009950248727
0.30144314135191697
0.2335062923523711
0.0031088507725330187
0.999797084082282
0.9998009950248727
0.9998009950248727
0.2500279937791602
0.25480559875583203
0.9998047502827521
0.9998078264856539
0.02594392523364486
0.9998058658800286
0.26626341949591187
0.9998045667564036
0.7145487457977745
0.9998009950248727
0.9998009950248727
0.9998035433775398
0.9998009950248727
0.9998009950248727
0.9998010740413505
0.6155131517261316
0.9998060552961412
0.9997992631683731
0.9997987036834814
0.999800197409742
0.9998048391119951
0.9998009950248727
0.999797881528394
0.9967826519446904
0.9998009950248727
0.9998009950248727
0.9998061183949118
0.9997988071570547
0.9997968937865765
0.9998023656235934
0.9998009950248727
0.9998009950248727
0.7939067655940624
0.9998009950248727
0.999803526598328
0.00333083332988029
0.9998009950248727
0.999800252166745
0.999800252166745
0.43633602298396246
0.9998009950248727
0.9998002719953912
0.9998009950248727
0.9998090834218097
0.037663159542471236
0.005661229611041405
0.009753491861402598
0.9998068748568955
0.05343914463035416
0.9998009950248727
0.9997996580991484
0.9998009950248727
0.999802755850712
0.5800557764567095
0.9998009950248727
0.9998015896730982
0.9998051689860805
0.9998009950248727
1.006667528053032
0.9998009950248727
0.999805162397937
0.9998009950248727
0.9998031706978284
0.9998009950248727
0.9998009950248727
0.9998009950248727
0.9998009950248727
0.9998009950248727
0.9998009950248727
0.9959769154228828
0.9998085554275701
0.005368894143419714
0.005368894143419714
0.09801422203353853
0.03363909765149785
0.9998009950248727
0.021446725804844014
0.9998027475866437
0.9998053431323836
0.9998067632850213
0.9998009950248727
0.9998009950248727
0.9998058618601899
0.9998009950248727
0.9998009950248727
0.9998021752758871
0.9998009950248727
0.9998009950248727
0.9998023051144076
0.9998046257149934
0.4378793940700961
0.1412106955760859
0.9998034173608256
0.9998009950248727
0.9998056310990213
0.9998009950248727
0.9998009950248727
0.9998009950248727
0.9997986757070643
0.9998026818592344
0.9998009950248727
0.9998009950248727
0.9998009950248727
0.9997978391069873
0.9998096304591237
0.9997963323918981
0.9998052200236973
0.9998009950248727
0.9998009950248727
0.9998054513330527
0.9997975760829552
0.9998077651703962
0.9998009950248727
0.9998021807781655
0.9998009950248727
0.9998048702943807
0.9998009950248727
0.9997963809902537
0.4566573886005156
0.03701032845222006
0.9998009950248727
0.9998009950248727
0.9998012337902529
0.9997993703008423
0.9998011332625429
0.9998041245322051
0.999800971260247
0.9998009950248727
0.9998009950248727
0.9998048198757735
0.9998056303598195
0.9998033047979267
0.9997910444779579
0.9998010860700546
0.9997980703169311
0.9998058425895567
0.9998036253776407
0.9998009950248727
0.9998046836073714
0.9997990469653079
0.1720595148444805
0.1720595148444805
0.0407944732297064
0.9998009950248727
0.9998009950248727
0.30541862050732543
0.03311470840978239
0.12629240064477973
0.9998009950248727
0.9998033101463152
0.999807344014327
0.9997984676385506
0.9998009950248727
0.007988165143443181
0.02277114519144936
0.9998009950248727
0.9998009950248727
0.014061930386806467
0.1691626035208748
0.7105852371708709
0.9998057054127737
0.08989025254895695
0.9997958166337632
0.9998009950248727
0.9998060407314435
0.9998050368782048
0.025050847319570416
0.007995048274802677
0.019645655396343616
0.0015534701071412008
0.010201340189512697
0.9998051413320604
0.2743986638888411
0.2743986638888411
0.0042224746748624736
0.999799902147754
0.9998009950248727
0.9444488325709214
0.9998024799736611
0.9998009950248727
0.9998045082784731
0.9998009950248727
0.9998009950248727
0.9998009950248727
0.05581541334339833
0.9998009950248727
0.9998051390580363
0.9998009950248727
0.9998009950248727
0.08362029598852579
0.9997987351338423
0.9998020019799774
0.9998009950248727
0.9997987987688847
0.9998009950248727
0.9998054757192696
0.9997977530322116
0.9998011140007346
0.9998009950248727
0.9998031911714877
0.6921446067146709
0.9998009950248727
0.9997982562146047
0.9998040152963643
0.9998002323341612
0.46219961598109316
0.999801713561872
0.999801713561872
0.9998009950248727
0.9998057363507864
0.9998016489425231
0.9998009950248727
0.9998009950248727
0.9998009950248727
0.0057033082476470424
0.9998020969724806
0.9437149579295743
0.021810375388978613
0.9998009950248727
0.9998056816137194
0.9998009950248727
0.9998009950248727
0.9998009950248727
0.9998009950248727
0.9998009950248727
0.9997985941472627
0.99979750576629
0.9998009950248727
0.9997981346366295
0.9997974966116531
0.9264572796915805
0.9998009950248727
0.9998023892930896
0.11377638937874743
0.10049706899634497
0.0036659814933037746
0.013120171962114596
0.9998033525792493
0.9998008368034478
0.9998009950248727
0.9998009950248727
0.05274462169427022
0.0029646908859145954
0.17993641710379907
0.06050132751526042
0.9998009950248727
0.9998031602168005
0.9998036098195061
0.9998001767819694
0.9998009950248727
0.999804626228529
0.9943403762431573
0.9997947044898418
0.9998009950248727
0.9998009950248727
0.1057121046754443
0.9998009950248727
0.1705365044893572
0.9998009950248727
0.9998016951863077
0.9998035876136663
0.5172089125987155
0.5172089125987155
0.023408898096083656
0.9998042466492192
0.2685721558368096
0.010690538534980669
0.832066247312682
0.005002177998481624
0.9998009950248727
0.10652478686977009
0.004178602781258927
0.016497910506929187
0.4379881514553093
0.4379881514553093
0.4379881514553093
0.9998009950248727
0.581671069296181
0.44798982542253263
0.9998009950248727
0.9998009950248727
0.028785903767168355
0.9998009950248727
0.9998006531704706
0.9998009950248727
0.9998007100450462
0.9998009950248727
0.9998009950248727
0.9998009950248727
0.9997999003487765
0.9997968493763326
0.9998009950248727
0.9998009950248727
0.9998009950248727
0.9998009950248727
0.9997994021787675
0.9998037864029143
0.9998089355405686
0.9997983730099288
0.9998009950248727
0.9998024681504805
0.9998009950248727
0.9998013126134544
0.9998009950248727
0.9998009950248727
0.9998009950248727
0.9998023853485674
0.9998023853485674
0.02459469476653391
0.02459469476653391
0.9998067902836243
0.2419640292040121
0.2419640292040121
0.046985062131301304
0.9998020785724193
0.012020486642460658
0.012020486642460658
0.012020486642460658
0.037838582908088454
0.06812470748093907
0.9998068326947608
0.17142493461549935
0.9998009950248727
0.9998006545374938
0.9998006545374938
0.7917925421162199
0.9998009950248727
0.9998009950248727
0.9998058136050316
0.3454814107727033
0.9998009950248727
0.9998009950248727
0.9998009950248727
