0.4
0.9998805970149236
0.99988139091775
0.5560024849436571
0.9998805970149236
0.748225501113585
0.406874850843292
0.4009550236316512
0.4005939133925559
0.9503824282710288
0.9198805970149236
0.8398830430251583
0.8798805970149235
0.8398818064001577
0.8398827128610575
0.7998834159603374
0.7998852909547121
0.8398788446028678
0.5438940174357728
0.9198805970149236
0.43105651041877896
0.9198815087249378
0.5227366786930956
0.9998805970149236
0.9998828269196403
0.9198805755826113
0.8398805970149236
0.799881970731124
0.7998805970149236
0.8398830318433231
0.7998805970149236
0.8398805970149236
0.8798841156851991
0.9998837079990451
0.9598809791196652
0.5083787408636027
0.9198795982635113
0.9998805970149236
0.9198809988450339
0.5743371352405898
0.4073245468040124
0.41987233038540084
0.9998805970149236
0.44614991148933614
0.46063721021438037
0.4253716055192095
0.9198805970149236
0.9998805970149236
0.40320993788819876
0.45338119736608684
0.4064258459421038
0.9998805970149236
0.4052332723851923
0.9998805970149236
0.5917233291925467
0.9998818438083121
0.9198805970149236
0.8798830081906162
0.8398800011975912
0.8398805970149236
0.8398803788796424
0.8398805970149236
0.79988531576908
0.7998805970149236
0.8398805970149236
0.8398817076079161
0.7998805970149236
0.7998795934789718
0.7998790060357754
0.7998810075969596
0.7998805970149236
0.7998805970149236
0.7998805970149236
0.8398814168072213
0.8798826289213135
0.8398805970149236
0.7998805970149236
0.7998798611942068
0.7998805970149236
0.7998805970149236
0.7998813151243278
0.7998786068462853
0.8398805970149236
0.7998796950520686
0.8398846557357376
0.9998780226325177
0.9598814288423325
0.7646413840160227
0.9998841966742417
0.9998830967434076
0.9998805970149236
0.9198805970149236
0.8798813461729358
0.9998805970149236
0.41981886140604296
0.8398805970149236
0.8398805970149236
0.8798805970149235
0.919881832316707
0.44449885100975967
0.41513295967190705
0.9198830708778598
0.8798783452074461
0.8398805970149236
0.8398790637578872
0.8398811514203425
0.8398805970149236
0.8398824869596482
0.8398805970149236
0.8798805970149235
0.879880903981823
0.551391661421335
0.9998805970149236
0.9998805970149236
0.9998805970149236
0.8398805970149236
0.8422777222777206
0.8398805970149236
0.7998793130863395
0.7998787637723224
0.7998803951020066
0.8398787238495791
0.9198855507868366
0.9198855507868366
0.9998805970149236
0.9998767804702623
0.4646044373375975
0.879883439490444
0.756758688937535
0.9998803517658068
0.8398789956157815
0.8398805970149236
0.8398815268024734
0.8398805970149236
0.8398818701889941
0.8798805970149235
0.839880563672446
0.8398805970149236
0.7998805970149236
0.799881164397235
0.7998788072332426
0.7998827236826342
0.7998805970149236
0.7998841900194797
0.7998805970149236
0.7598805970149236
0.7998809561752971
0.8398787902984313
0.7998834754808009
0.7998805970149236
0.8398830174818562
0.8398785722095745
0.8798805970149235
0.8798805970149235
0.9198830778389624
0.40297711167625494
0.9198805970149236
0.9198805540564833
0.9198805970149236
0.8398805970149236
0.8398805970149236
0.5422285430639407
0.4087826203820407
0.9998781361292043
0.42965649859662663
0.7983779502613646
0.4015638454130716
0.9998805970149236
0.9198815116244261
0.9598812592267469
0.9998805970149236
0.8798798899389861
0.858501127681347
0.8398805970149236
0.9198812377034503
0.9598805970149236
0.4168498530234541
0.9998805970149236
0.4095730549491533
0.40285477494901073
0.40224842121185383
0.9998816980512026
0.9198796902562246
0.9998805970149236
0.9998805970149236
0.9998805970149236
0.45890317171701794
0.8798805970149235
0.8398805970149236
0.8398825036494159
0.7998797487821074
0.8398809117321095
0.9198805970149236
0.9998805970149236
0.9998805970149236
0.4034372211690589
0.43349981079089406
0.9998805970149236
0.9198805970149236
0.9998805970149236
0.8798798755683159
0.843634543178972
0.8398805970149236
0.839880756965339
0.8398805970149236
0.7998776520157787
0.7998831394304626
0.8398805970149236
0.8398794233811179
0.8398805970149236
0.8398850327966589
0.8798831865836456
0.8798805970149235
0.999879248284775
0.9998805970149236
0.8798824536603802
0.43667157718885263
0.9998805970149236
0.9198799237611165
0.8798805970149235
0.9198805970149236
0.8798805970149235
0.8798805970149235
0.47576031824962706
0.40379611497654505
0.4140966685935973
0.9998805970149236
0.9198803646257406
0.4270316252635439
0.9998805970149236
0.8798805970149235
0.5902886976153516
0.9998805970149236
0.9198797828412585
0.9198805970149236
0.5244677564217711
0.9998805970149236
0.9998818817622076
0.8798794569595685
0.6236652681709943
0.8798807370450596
0.8798798028575678
0.9998818961300803
0.8398818484992836
0.8398805970149236
0.8398805970149236
0.8398824068356985
0.8398805970149236
0.8398805970149236
0.8798786231159779
0.8798805970149235
0.8798805970149235
0.8398805970149236
0.8798810708410172
0.9198805970149236
0.9198805970149236
0.4266067026543852
0.9198782917723145
0.9198805970149236
0.9198805970149236
0.9998790472571629
0.5418053447774367
0.40125447437621437
0.4047029983112831
0.9198786156460202
0.49660426245249684
0.9998805970149236
0.9998805970149236
0.8798805970149235
0.8798850965988816
0.8798850965988816
0.4373568285337814
0.8398805970149236
0.9998829081020538
0.9998805970149236
0.9998805970149236
0.4043914484466621
0.507255503548695
0.507255503548695
0.4220750208500916
0.4257776935124887
0.563723548681233
0.9998805970149236
0.9598825550273622
0.9998808057531073
0.40185634881645316
0.42664596972741425
0.8798805970149235
0.8398805970149236
0.8798805970149235
0.8798788278695882
0.8798788278695882
0.9198781019416489
0.9198805970149236
0.9198812011354
0.8798854369704425
0.41807369581616666
0.42106223316088204
0.7512422624335027
0.42701843429551156
0.9998805970149236
0.9998796398767668
0.9998793801479811
0.40778861316948395
0.8798805970149235
0.9998805970149236
0.9198805970149236
0.9998794737417818
0.959880544505965
0.5428939764392084
0.892513610484853
0.9198784422421168
0.679534052535636
0.4347659908311228
0.9198838705815433
0.9998805970149236
0.4206545107165272
0.9998805970149236
0.9198805970149236
0.8398805970149236
0.7998805970149236
0.8398800907679428
0.7998805970149236
0.7998805970149236
0.7998807468259879
0.8398805970149236
0.8398805970149236
0.8398810447478366
0.9998832684824887
0.9598810429600182
0.40167452712273977
0.40736900893160294
0.9198829617122692
0.45923251598995934
0.6225461297888975
0.8798805970149235
0.8798805970149235
0.5222888565093442
0.9998782966319933
0.41361581617656457
0.8954700338110756
0.507632509614146
0.9198805970149236
0.9998805970149236
0.4242594651906923
0.40363013977013573
0.4046993530282953
0.6354107256524505
0.9198805970149236
0.8798805970149235
0.8798805970149235
0.8798777176342039
0.9198805970149236
0.9598805970149236
0.8798805970149235
0.8398812605571141
0.7998805970149236
0.7598825153161007
0.7598805970149236
0.7598822922044381
0.7598805970149236
0.7598849916487694
0.7598785245999624
0.8398836137220842
0.7998805970149236
0.7598837708568388
0.7998805970149236
0.7598821166504249
0.7998805970149236
0.799880392313211
0.8798805970149235
0.9598830624226191
0.905186544830612
0.9198805970149236
0.8398835914546071
0.8398825066055119
0.8798802266626884
0.9998805970149236
0.4034491499079366
0.8398795168745944
0.7998863871429691
0.7998805970149236
0.7998783160668286
0.7998805970149236
0.759879690839007
0.7998805970149236
0.7998805970149236
0.7998859664817779
0.8398805970149236
0.8398805970149236
0.9135194414758125
0.9198805970149236
0.8398832029259209
0.4335860183732915
0.9198805970149236
0.9998805970149236
0.9998805970149236
0.9998805970149236
0.9198805970149236
0.4040764012509021
0.9998811822249544
0.8798826750565001
0.879882009194346
0.9998805970149236
0.9998778625954181
0.9998805970149236
0.529966238893556
0.9998805970149236
0.8798822932521544
0.8798814193741562
0.9198804850057366
0.4985873135866946
0.9198805970149236
0.9598797262157379
0.9198820650552058
0.9198835253939389
0.9998805970149236
0.5974770379787065
0.40151488805688873
0.9998805970149236
0.4693688941744347
0.40224930241239326
0.999882200363134
0.9998805970149236
0.5011083621189006
0.9198805970149236
0.8398805970149236
0.8398788254466545
0.8398860751951363
0.87987863252958
0.879878015367203
0.8798805970149235
0.7998819032029447
0.799881613493514
0.7998805970149236
0.7998825612157603
0.799879792456035
0.7998817757520857
0.7998850184649151
0.7998834079822821
0.7998805970149236
0.7998820679962904
0.8398805970149236
0.8398805970149236
0.8398805970149236
0.9998805970149236
0.9998800740578511
0.9998840234572661
0.9998807899461383
0.9198815640234785
0.40509739807002476
0.9998833078743206
0.9998833078743206
0.41004607904069024
0.420930080657133
0.420930080657133
0.4178384741565083
0.40099168904442517
0.4019492684134857
0.9998805970149236
0.9998805970149236
0.9998823728240646
0.9598777581027023
0.5339467708170598
0.9998779033301789
0.9998805970149236
0.9198805970149236
0.9198805970149236
0.9198805970149236
0.8798798665183518
0.41292003160188573
0.4009316464830977
0.9998805970149236
0.9998787251820299
0.41096562992009034
0.8798810337590677
0.8798805970149235
0.9198810996495322
0.41224964067671455
0.45451931330472106
0.8798805970149235
0.9198805970149236
0.8398830554168729
0.8398805970149236
0.9198805970149236
0.8398805970149236
0.8398805970149236
0.8398796968551691
0.8398805970149236
0.7998805970149236
0.8398860244233362
0.8398810642249196
0.9198805970149236
0.6935275008935304
0.7063991364835687
0.9998835765476197
0.9198804969315953
0.4619926973129857
0.9198806947494493
0.9198796956443575
0.9998805970149236
0.9998805970149236
0.9998805970149236
0.9998805970149236
0.4720961473302374
0.9998805970149236
0.491191126483392
0.9598814285714268
0.4265763239593422
0.4022907684541218
0.9929516871089095
0.49618686873702716
0.8798805970149235
0.9998805970149236
0.4189431355727139
0.9998835868168626
0.9998812542224678
0.9198800239951993
0.9998805970149236
0.9198823341836718
0.8398805970149236
0.839881369641411
0.8398834858352962
0.7998805970149236
0.8398805970149236
0.8398805970149236
0.8398835517894866
0.8798805970149235
0.9198805970149236
0.9998805970149236
0.4621510834430744
0.9998805970149236
0.9198805970149236
0.8798888600570853
0.4049888476451088
0.9198805970149236
0.9198805970149236
0.8398805970149236
0.8398805970149236
0.8398828008211898
0.9998805970149236
0.46689831437053275
0.8087003993086588
0.8798791873913807
0.8398805970149236
0.7998805970149236
0.8398794664125756
0.8398769525405453
0.8798831347662079
0.9998788711363279
0.4042354552879085
0.4042354552879085
0.9198805970149236
0.9998805970149236
0.5403084537385205
0.9998824175056609
0.5268715754873169
0.9998805970149236
0.9198787048345282
0.9998805970149236
0.5774055101351843
0.9198798260956458
0.999883034174829
0.9598809547429596
0.9998805970149236
0.9998805970149236
0.4243532884396683
0.49360685667764714
0.9998795850240852
0.9998786373525917
0.9998805970149236
0.9598829501343669
0.5732661396823711
0.9198805970149236
0.9998840833723357
0.5967409395691672
0.9998805970149236
0.9198823634682478
0.839879248284775
0.7998815039878449
0.8398805970149236
0.8398805970149236
0.7998805970149236
0.8798795770861938
0.8798832592121966
0.9198831273589116
0.40277469603956684
0.9998820340194806
0.8358726632025306
0.7998805970149236
0.8398805970149236
0.8398805970149236
0.8398831130106333
0.8798837627917597
0.879878503459774
0.999883589135781
0.8798805970149235
0.999883271501177
0.9198794764533793
0.45944687252686145
0.47897319584028203
0.4059292715439505
0.40214043560585666
0.40788287055142747
0.4329762580443791
0.44533168976280896
0.9198805970149236
0.8798827096465314
0.5198032689154951
0.5323709818499891
0.40165077061563687
0.4243571850650689
0.9998811124815962
0.9198805970149236
0.9998805970149236
0.43736456115991246
0.40157651426588553
0.9998805970149236
0.6624811885008677
0.8714006429703406
0.8798841066554675
0.8398805970149236
0.8398805970149236
0.8398796006556383
0.8398829408420342
0.9998781652842993
0.4079318844344388
0.41302981708844905
0.41302981708844905
0.464300150773465
0.8798805970149235
0.839882782719185
0.8798805970149235
0.999881463225574
0.9198782210725285
0.5339273470235825
0.43328983482619776
0.919883318721605
0.8798826417579768
0.9198805970149236
0.9198819590036051
0.9998805970149236
0.8798825386425213
0.8398805970149236
0.8398845865450929
0.8798809862164212
0.8798805970149235
0.8398814342629465
0.7787561714508524
0.9998805970149236
0.60564467809984
0.9198805970149236
0.9198839102653406
0.9998805970149236
0.9198828568582511
0.9198805970149236
0.8798828059867385
0.9598792597472583
0.8798805970149235
0.8798805970149235
0.8798793945894392
0.4026197651301996
0.9198818463007333
0.8398805970149236
0.7998805970149236
0.7598810266250883
0.7998805970149236
0.7998800071708845
0.7998805970149236
0.7598805970149236
0.7998802092154405
0.799884651125609
0.8798805970149235
0.8798790931989906
0.9198805970149236
0.9198858325703578
0.9998805970149236
0.919879361042675
0.7998789072995953
0.7998805970149236
0.7998805970149236
0.7998843160834419
0.7998805970149236
0.7998805970149236
0.7998822224221147
0.759882678716022
0.799880494546614
0.7598804117559285
0.7598805970149236
0.7598808022464483
0.7598805970149236
0.7998805970149236
0.7998805970149236
0.7998762218890536
0.8398817663249414
0.7998805970149236
0.7998819365288843
0.799883055416873
0.7998807824398968
0.839882019103951
0.7998805970149236
0.8398805970149236
0.8798805970149235
0.8398821658917036
0.8398793945894393
0.3655719081753016
0.9198838725156939
0.8798799534610815
0.8798805970149235
0.8398816746849015
0.8798811621293756
0.9998825042625091
0.9198805970149236
0.49583918111863995
0.9198805970149236
0.8798783625730977
0.799883998134123
0.7998805970149236
0.799882159610384
0.7998805970149236
0.799882257135478
0.7998812035017462
0.7998805970149236
0.7998816884542443
0.8398782358580998
0.8398805970149236
0.7998805970149236
0.7998814471131714
0.7998820808560039
0.7998805970149236
0.7998805970149236
0.7998805970149236
0.7998840902980375
0.7998805970149236
0.7598805970149236
0.7598821674483568
0.7998789159869966
0.839882107272834
0.8398781290059706
0.8398790690234327
0.8398823071161031
0.8398817049808411
0.8398805970149236
0.5212584065071814
0.7945315361855999
0.9998805970149236
0.40201670356468433
0.9998846764767568
0.9198805970149236
0.9198804595876394
0.9198791149487301
0.6823948371014867
0.7584005752464265
0.4020955495521115
0.415284939679919
0.9198805970149236
0.5953521829271955
0.9998805970149236
0.8752804116938562
0.9198805970149236
0.7766806698440804
0.530886998632097
0.43838777459407835
0.9998805970149236
0.9998820985501452
0.9598790938020594
0.9998827660992651
0.9598838594045587
0.5974079394221893
0.8798780613662507
0.87987885051075
0.9198805970149236
0.9198805970149236
0.9998789058620193
0.7080547945205473
0.9998805970149236
0.9998805970149236
0.9198825253461717
0.437351314128314
0.9998805970149236
0.9787328989903997
0.9998817875733065
0.9998805970149236
0.9998805970149236
0.460736584657844
0.4039174853547902
0.45691382765531063
0.7785035942571529
0.9198805970149236
0.879878661923982
0.9198805970149236
0.9998805970149236
0.9598805970149236
0.9198805970149236
0.9998805970149236
0.9598795272283647
0.45458419845951725
0.7668110619205488
0.9998817875733067
0.9998805970149236
0.9998805970149236
0.415860503028529
0.9998805970149236
0.9998848903646518
0.8398805970149236
0.8398818111131031
0.8398805970149236
0.9198807114198438
0.41634838657696494
0.9198805970149236
0.8398836174573796
0.8398805970149236
0.8398805970149236
0.839881052412024
0.9198805970149236
0.8847532979167896
0.5497577854671277
0.44440076004791607
0.9998805970149236
0.9198835009281394
0.5926674344784963
0.879880225176666
0.9998805970149236
0.9998805970149236
0.8798805970149235
0.8798805970149235
0.8798805970149235
0.8398838195809902
0.839882966523398
0.8398809104740295
0.8798838940871971
0.8798805970149235
0.8798799808734443
0.9198805970149236
0.9998805970149236
0.9998805970149236
0.43068101439342016
0.8798799521721785
0.8798805970149235
0.8398805970149236
0.9198831091061503
0.7593882326774741
0.9998805970149236
0.7925709914680776
0.4057267414717388
0.5727770141444594
0.9998868048177442
0.4919817490757656
0.9998805970149236
0.9119901663918439
0.9198805970149236
0.4794883570084971
0.9998805970149236
0.8798830174818564
0.9998805970149236
0.44122880649487156
0.9998784082975948
0.5219468799820468
0.4018848028582366
0.4163879866339629
0.4049431229628022
0.4103198081853755
0.4289068914840984
0.9998786609626931
0.41213249318988526
0.9198805970149236
0.4327554988216811
0.40315650971835915
0.7983127897952271
0.9998805970149236
0.8398790617688798
0.9198805970149236
0.4301959341818093
0.4301959341818093
0.4004317600139652
0.9998816582165208
0.5230450398934018
0.6631257580593677
0.8798820321983625
0.8398805970149236
0.8798805970149235
0.8798819000753981
0.9998805970149236
0.4037684331739555
0.99988260623679
0.9198805970149236
0.41084702434412673
0.8398805970149236
0.7998841410612423
0.7998788278695883
0.7998805970149236
0.7998825899280557
0.7998805970149236
0.7998805970149236
0.7998837035038799
0.8798805970149235
0.7998805970149236
0.7998839073337447
0.7998805970149236
0.7998805970149236
0.799883188382668
0.7998805970149236
0.9198795389911674
0.9998786865671625
0.4012513238289206
0.8798808938925282
0.9198805970149236
0.9198821424311089
0.4037239096235836
0.9198805970149236
0.9198828269196403
0.9998805970149236
0.8798796657381598
0.8398814359424727
0.8798805970149235
0.8798814191602491
0.9998787467300341
0.4044950371399014
0.9998805970149236
0.9198805970149236
0.9198805970149236
0.9998805970149236
0.9198805970149236
0.35344759333722775
0.4134353747552074
0.9202992447235114
0.4708237713072892
0.4043923505781582
0.49738872626688496
0.9766209671810244
0.5088491743062388
0.9998805970149236
0.9998785729936441
0.49016167968353785
0.4032517580113403
0.8398805970149236
0.9998804328331423
0.8398812200635308
0.8798792485784301
0.9998805970149236
0.9998798187743405
0.9598805970149236
0.999881951965975
0.47959676216908975
0.8398805970149236
0.8765564405054183
0.9198805970149236
0.7998805970149236
0.8398782258144575
0.7998805970149236
0.7998805970149236
0.7998824709703676
0.8398780298969669
0.8398805970149236
0.8398805970149236
0.8398821939586628
0.8798822431020423
0.8398832256520682
0.8398805970149236
0.8798798284977545
0.9198794090323337
0.9998793658362124
0.41396569214319007
0.4006426253787916
0.40085877589393504
0.8798822483137629
0.9198805970149236
0.44889587860307095
0.40802150892667627
0.9998799056913464
0.42046059199402636
0.8798805970149235
0.8798805970149235
0.8798805970149235
0.8398795094654108
0.8705548099324942
0.8798860997522593
0.4034953111185193
0.9998805970149236
0.9198827724671105
0.9598818321977403
0.9198795489082604
0.9198805970149236
0.9598822647843401
0.9198805970149236
0.40219702449823713
0.9998791878071374
0.9998805970149236
0.8798819730763481
0.9998805160080197
0.9998836290927251
0.9998836616593189
0.843109130603821
0.8798793466597765
0.8798821877707066
0.8398805970149236
0.7998805970149236
0.7998825745119711
0.7998805970149236
0.7998805970149236
0.7998817474566111
0.8798805970149235
0.8798817308557303
0.9998805970149236
0.839881947978088
0.8398805970149236
0.8398805970149236
0.8398805970149236
0.7998791256917608
0.7998805970149236
0.7998816678405951
0.7998826085662394
0.7998797709923646
0.7998805970149236
0.7998805970149236
0.7998816182027908
0.8398812047182785
0.7998786861663851
0.799884171036787
0.7998805970149236
0.8398805970149236
0.7998832931422746
0.8798831608936855
0.4340566220992999
0.9998805970149236
0.9998798937429717
0.9198825815322974
0.4191604925306519
0.4191604925306519
0.9998805970149236
0.4559867061707654
0.9998805970149236
0.4464410224012214
0.4044802614806341
0.9998805970149236
0.43802794639467135
0.9998805970149236
0.9198805970149236
0.9198805970149236
0.46083544177430713
0.9998805970149236
0.4074112559299378
0.4014948861311878
0.41152426426535466
0.6091330969931146
0.40384452344561445
0.9998789343828333
0.4437465985896091
0.8798805970149235
0.9198805970149236
0.42370858666666666
0.8798805970149235
0.9198805970149236
0.8798830337379755
0.9198805970149236
0.9998805970149236
0.5985684648501832
0.8798791786055378
0.9198835379226149
0.42018036449780605
0.8798820850808851
0.8398805970149236
0.8398805970149236
0.8798792645679019
0.9198786686928263
0.8798805970149235
0.9198823552854422
0.879882397466285
0.41189915882774836
0.536272336448598
0.9198805970149236
0.9198798909188967
0.4172754303337077
0.4728013795265716
0.8798803732355034
0.9598794690900379
0.9198805970149236
0.9998805970149236
0.8798806943588298
0.9198805970149236
0.7998812886274727
0.8398805922718634
0.7998805970149236
0.8398793657125744
0.8398805970149236
0.8398786334315503
0.8398805970149236
0.7998805970149236
0.7998805970149236
0.7998785939316826
0.7998805970149236
0.8798793704721442
0.8398804328331423
0.8398805970149236
0.8798809412560005
0.8798777767811745
0.6996592680862987
0.6074142576289343
0.4034859235004279
0.5855687328442208
0.4018171898783778
0.42534490542351194
0.8798809625572757
0.9998805970149236
0.9998836687260357
0.8422381820899975
0.8798827478005264
0.8398799689162514
0.9598798899389862
0.6469961108486029
0.9198805970149236
0.8798805970149235
0.8398829315101338
0.8398790919952193
0.7998807036342512
0.7998786084087708
0.8398805970149236
0.7998800706171001
0.8398805970149236
0.8798811324703262
0.9998793680613135
0.41642450843682444
0.40310789856419565
0.4309858216591976
0.9998793031191985
0.9152128437069413
0.4009190454050017
0.708108704294208
0.5732698293643352
0.8798813807094465
0.8398805970149236
0.9998805970149236
0.8798805970149235
0.8398805970149236
0.838420999334834
0.8798808213018916
0.9198805970149236
0.5228184710487456
0.5608708912179367
0.4035486732497742
0.41204443646922567
0.8798805970149235
0.8845052074525741
0.9998805970149236
0.9998805970149236
0.9998805970149236
0.9198805970149236
0.4132640262161704
0.9198851123791993
0.9198805970149236
0.9198805970149236
0.9998805970149236
0.47034437644638716
0.7249039584166328
0.9198805970149236
0.4060854569840966
0.8398805066517946
0.8398805970149236
0.8798828263061713
0.8166110826064636
0.8798839333691546
0.8770268211426566
0.9198788264291945
0.49446381319426397
0.4045253503145287
0.9998799593487817
0.9998819903653375
0.9198805970149236
0.9198815215876729
0.9198775291384531
0.9998805970149236
0.4569303994159975
0.9998762750904886
0.48216938934790216
0.9998805970149236
0.7149810723983243
0.7149810723983243
0.5437331150552018
0.403291683160208
0.4033940556978481
0.4986849702189104
0.4604231207917878
0.47275920391683096
0.9198805970149236
0.9198805970149236
0.8398805970149236
0.8398835951378198
0.7998849311784548
0.839884924281774
0.879879380181326
0.8398805970149236
0.7998853754154129
0.8398805970149236
0.8398827544350128
0.4058659153486585
0.40928121103406034
0.9998814113717013
0.8477830775543689
0.42968811317686595
0.5046064923395922
0.9998805970149236
0.5959854193922084
0.9198795958712891
0.9198805970149236
0.4059102128229153
0.43598678323122464
0.919881990805515
0.41298489246451675
0.9998830388375622
0.4457639891394371
0.696455954010402
0.9998805970149236
0.9998798957178371
0.45937635609444805
0.4056296832165702
0.45842925363958215
0.9998805970149236
0.41020309471542543
0.9998805970149236
0.4298622274550297
0.4176395191941249
0.917740417910446
0.474275897945736
0.8798805970149235
0.8798804280675165
0.9198814026870927
0.4261508992866317
0.9998805970149236
0.9998805970149236
0.9998805970149236
0.4043461851643064
0.8798828543764892
0.7919282269109378
0.9198813791175309
0.8798805970149235
0.9998877165040795
1.0030894060437634
0.9198827657707934
0.5003538088564733
0.40289062792304375
0.8798805970149235
0.9998833503960861
0.8798814042972032
0.9998805970149236
0.9998805970149236
0.49882135252221155
0.9998784122064591
0.8798783719074204
0.5240943430949427
0.4757644787644788
0.575524872812322
0.9198808950842245
0.8798785577238502
0.9198794354517167
0.8798805970149235
0.8798805970149235
0.9998805970149236
0.491093021530426
0.4659549996538435
0.8398805970149236
0.8398794138171651
0.8798787107043358
0.8798802903139076
0.919878980385927
0.8137917170057494
0.4252276159994955
0.9998805970149236
0.44629404357940117
0.44670978267202704
0.41606632812898436
0.9598831487578552
0.9998805970149236
0.44360002050826314
0.40861621175034374
0.698802691125856
0.40320226563254274
0.8798805970149235
0.8798817403794346
0.4737585098415745
0.9998805970149236
0.4912613586600151
0.47975171962828367
0.5125384343796984
0.9998811940357956
0.8398856629213466
0.79988108269777
0.8405773032191465
0.8398798044437361
0.8798784549150427
0.4126657259908722
0.4162910535232607
0.4010312539364844
0.4028319383943746
0.8398805970149236
0.8798805970149235
0.8798805970149235
0.9198805970149236
0.9598805970149236
0.40298405253283304
0.7290019336795839
0.9998805970149236
0.6583384037633708
0.40940007537842604
0.8398805970149236
0.8398805970149236
0.8398806661607874
0.8398805970149236
0.839880451891847
0.839883750597989
0.8398805970149236
0.7998828546717944
0.7998826974782338
0.7998832682493215
0.7598832612538811
0.7598830273854926
0.7998800893965714
0.7998804453529662
0.8398805970149236
0.7998805970149236
0.7998805970149236
0.7998811585250409
0.7998830997724262
0.7998811337642946
0.8398803636943674
0.8398805970149236
0.8398805970149236
0.8398826482146232
0.839883589135781
0.9598805970149236
0.9998805970149236
0.44740420004329945
0.4039494175377999
0.9598818226943298
0.4091497413131555
0.9198805970149236
0.9198805970149236
0.9998806681156382
0.8354058507462669
0.9198805970149236
0.4904481820430373
0.8398761664288049
0.8798805970149235
0.8398863552886269
0.8798841273641351
0.41504353597208443
0.4036484185825907
0.6735057908433175
0.6735057908433175
0.40099877314853194
0.40099877314853194
0.9998805970149236
0.7169450982734925
0.9198820204593383
0.9198805970149236
0.8798805970149235
0.8398825666220021
0.8398789867828249
0.8398805970149236
0.7998818368991121
0.7598805970149236
0.7998805970149236
0.7998795142471606
0.7998805970149236
0.7998844547009889
0.7998805970149236
0.7598788157539502
0.7998805970149236
0.7998806160213283
0.7998805970149236
0.7998811466834048
0.8398789130780213
0.8398814454080037
0.8398805970149236
0.7998805970149236
0.7998778868704519
0.8398854141799936
0.8798836221117969
0.8398805970149236
0.8398765729292028
0.7998805970149236
0.7998814808902883
0.8398813885921368
0.839880914109999
0.8398811148467168
0.8798805970149235
0.8398805970149236
0.8398805970149236
0.8398805970149236
0.7998805970149236
0.799882396383268
0.9198816131700349
0.9198808117749316
0.839879820448876
0.9198783403516458
0.8798805970149235
0.8398805970149236
0.8398833047706331
0.7998805970149236
0.8798808279822901
0.8398833698466424
0.5361032821632732
0.5380063332795209
0.9998805970149236
0.4219890924450791
0.40179895040338975
0.959879014011827
0.8798805970149235
0.8798824513200316
0.8798804185351252
0.9198801256168669
0.9198805970149236
0.9198805970149236
0.9598834928181856
0.9998805970149236
0.8398784889004266
0.8398805970149236
0.7998786662826136
0.8398805970149236
0.799879831573078
0.7998805970149236
0.7598767681611107
0.7598805970149236
0.7998805970149236
0.7598805970149236
0.7598809838032377
0.7998805970149236
0.7998825831702527
0.7998805970149236
0.7598805970149236
0.7598805970149236
0.7598790213908531
0.7598785208122415
0.7998800274291149
0.7998786425230826
0.7998805970149236
0.7598821471172945
0.7598836308605206
0.8398791473439069
0.7998784719101106
0.7598805970149236
0.7998842566759647
0.7998793416458836
0.7998790116105967
0.7598807808017893
0.7598859311033432
0.7598805970149236
0.7998805970149236
0.8398818911757071
0.6310991854336367
0.42725035873753525
0.9998805970149236
0.40288852767124683
0.5248564699891795
0.4106544808052403
0.5239408822191903
0.8501489707097959
0.9998805970149236
0.8798805970149235
0.8798825106497048
0.9998811715147021
0.9198805970149236
0.9998805970149236
0.5780836823799301
0.999883410655565
0.44928114643976713
0.9998805970149236
0.4083917295625864
0.8798834302094098
0.9998805092072687
0.9998805970149236
0.9198789377143296
0.999882055669404
0.9998831912533337
0.9998805970149236
0.9998805970149236
0.4751691496542892
0.8793131469824873
0.7746741686761325
0.5215008751647686
0.4027056817161835
0.5807495338879527
0.9998833870436683
0.40115356032456206
0.9998825487635908
0.4416329836252301
0.6903877291668711
0.9198810438521392
0.4517421204595473
0.8398805970149236
0.8398805970149236
0.8398824242544675
0.8398805970149236
0.9198805970149236
0.9152131927376502
0.9198805970149236
0.8398805970149236
0.8798826862455591
0.4084566062216181
0.4025904220021527
0.8398805970149236
0.8398805970149236
0.8398805970149236
0.80213576684605
0.8398790786948159
0.9598815139879304
0.8398796346050493
0.8398805970149236
0.8798805970149235
0.7998805970149236
0.8398805970149236
0.8398805970149236
0.8398805970149236
0.8398797292710666
0.7998812415654504
0.8398805970149236
0.8398836872345723
0.87988049258048
0.8798805970149235
0.8798805970149235
0.8798852770186318
0.8398833940240418
0.8398805970149236
0.8398789851907713
0.8398805970149236
0.8798785616622904
0.5526520049808533
0.5526520049808533
0.4164096904748333
0.8798810627923159
0.9198806089184404
0.5277692298372927
0.9198805970149236
0.8798827724671103
0.9198809212430975
0.8798805970149235
0.9598817804722384
0.6571866861006899
0.4012328204079546
0.9998805970149236
0.7343755384266597
0.9998805970149236
0.4263829164592791
0.9198805970149236
0.45226488001049764
0.9998805970149236
0.8398805970149236
0.799880870743958
0.8398791004497734
0.9998832847019574
0.9998805970149236
0.6755653353314424
0.8313225192974596
0.46471111342853577
0.46471111342853577
0.8940902101588362
0.919880265144318
0.9198805970149236
0.9998805970149236
0.8798807515757383
0.8398832900742844
0.8398805970149236
0.8398805970149236
0.8798786158367133
0.7845369494109045
0.4096889237183205
0.9998805970149236
0.9198805970149236
0.9598805970149236
0.4925168589372411
0.9998801837818468
0.999881974291824
0.9998805970149236
0.4685513294384166
0.4021740584642431
0.9330341498515862
0.4797975587972611
0.4226338265371674
0.9998805970149236
0.9998824864154757
0.9998805970149236
0.8798805970149235
0.9198805970149236
0.8798777508058402
0.8662791172623304
0.9428945113282751
0.7255144148805327
0.6141595598035972
0.9998838200725111
0.8798805970149235
0.9998835821787486
0.8798805970149235
0.8798805970149235
0.9998805970149236
0.5351876670371531
0.8798877845015785
0.8798839096542057
0.8798764852251928
0.9998805970149236
0.9598805970149236
0.9198796331448422
0.9198815268024735
0.9198822875297838
0.4257614415792367
0.9598811810319101
0.43358101317256303
0.4020410664409649
0.9198827353768206
0.6103535483870961
0.534643483938512
0.9198805970149236
0.8398805970149236
0.8398805970149236
0.8398832752439239
0.8398805970149236
0.8398805970149236
0.9998791766376374
0.8798805970149235
0.8798833856551542
0.9998780444232699
0.9545077545180858
0.4018449462357365
0.9198839631951974
0.8798805970149235
0.8798785015187294
0.8798803803903568
0.9598794713446088
0.4183560566738441
0.4733595936494428
0.9998805970149236
0.6992700897430637
0.8398797662120774
0.8798805970149235
0.8398810313811695
0.9198805970149236
0.8798799114885456
0.8398805970149236
0.839882487858872
0.7998805970149236
0.7998805970149236
0.8398805970149236
0.8398810789210772
0.8398806804568307
0.8767019471986608
0.9198805970149236
0.9598830600874637
0.9598820421306573
0.54394192096574
0.6467577164491377
0.9198828243857312
0.9998805970149236
0.9992003184713358
0.999881511624426
0.5124850939631296
0.9198805970149236
0.9198842570866558
0.9998805970149236
0.58276950806183
0.9998805970149236
0.9998835636225961
0.9598805970149236
0.5008658848111502
0.5401037754114226
0.4018653104635198
0.9198782504493692
0.8798805970149235
0.8798805970149235
0.5500167962674961
0.5528833592534992
0.9998828501696513
0.9198846958913924
0.4155663551401869
0.9998835195280171
0.5597580516975471
0.9998827400538421
0.8287292474786647
0.9598805970149236
0.9998805970149236
0.919882126026524
0.9998805970149236
0.9998805970149236
0.9198806444248103
0.729307891035679
0.9998836331776847
0.8798795579010239
0.9198792222100889
0.9198801184458453
0.9198829034671971
0.8798805970149235
0.8798787289170364
0.8380695911668142
0.9998805970149236
0.9998805970149236
0.9598836710369472
0.8798792842942327
0.8398781362719459
0.839881419374156
0.9198805970149236
0.9998805970149236
0.8763440593564374
0.9198805970149236
0.9998821159589968
0.4019984999979282
0.9998805970149236
0.9998801513000469
0.9998801513000469
0.6618016137903775
0.9998805970149236
0.8798801631972346
0.7998805970149236
0.8798854500530857
0.4225978957254828
0.4033967377666249
0.40585209511684156
0.9998841249141373
0.4320634867782125
0.8798805970149235
0.839879794859489
0.9198805970149236
0.8798816535104272
0.6680334658740257
0.9998805970149236
0.8798809538038588
0.8798831013916482
0.8398805970149236
0.884000516831819
0.9198805970149236
0.8398830974387622
0.7998805970149236
0.879881902418697
0.8398805970149236
0.7998805970149236
0.7998805970149236
0.7998805970149236
0.8398805970149236
0.9198805970149236
0.8375861492537297
0.879885133256542
0.40322133648605185
0.40322133648605185
0.45880853322012316
0.42018345859089873
0.9998805970149236
0.4128680354829064
0.9998816485519862
0.9198832058794302
0.8798840579710128
0.8798805970149235
0.8798805970149235
0.919883517116114
0.8398805970149236
0.8798805970149235
0.8798813051655323
0.8398805970149236
0.9998805970149236
0.9598813830686446
0.9998827754289961
0.6627276364420577
0.4847264173456516
0.8398820504164953
0.8398805970149236
0.8398833786594128
0.7998805970149236
0.8798805970149235
0.8398805970149236
0.7998792054242385
0.7998816091155405
0.7998805970149236
0.7998805970149236
0.8398805970149236
0.8398787034641924
0.7998857782754742
0.7998777994351389
0.8398831320142184
0.7998805970149236
0.7598805970149236
0.7998832707998316
0.839878545649773
0.7998846591022377
0.7998805970149236
0.7998813084668992
0.8398805970149236
0.8398829221766284
0.8798805970149235
0.8798778285941522
0.6739944331603094
0.42220619707133206
0.9998805970149236
0.9198805970149236
0.9998807402741517
0.9998796221805054
0.8398806799575257
0.7998824747193232
0.7998805827561482
0.7998805970149236
0.7998805970149236
0.7998828919254641
0.7598833782158917
0.759881982878756
0.7998746266867747
0.7598806516420328
0.8398788421901586
0.879883505553734
0.8798821752265844
0.8398805970149236
0.8798828101644227
0.8798794281791846
0.4232357089066884
0.4232357089066884
0.42447668393782384
0.9998805970149236
0.9998805970149236
0.5432511723043953
0.4198688250458695
0.47577544038686786
0.9198805970149236
0.9198819860877891
0.9198844064085963
0.8798790805831302
0.9998805970149236
0.4047928990860659
0.41366268711486964
0.9998805970149236
0.9998805970149236
0.40843715823208393
0.5014975621125249
0.8263511423025225
0.9998834232476642
0.4539341515293742
0.8398774899802579
0.9998805970149236
0.9998836244388661
0.8798830221269227
0.41503050839174227
0.4047970289648816
0.41178739323780617
0.40093208206428477
0.40612080411370766
0.9198830847992363
0.5646391983333047
0.5646391983333047
0.4025334848049175
0.9598799412886525
0.9998805970149236
0.9666692995425529
0.9198814879841967
0.9998805970149236
0.8798827049670839
0.9998805970149236
0.8798805970149235
0.9998805970149236
0.433489248006039
0.9998805970149236
0.9998830834348218
0.9998805970149236
0.9998805970149236
0.4501721775931155
0.9998792410803053
0.9598812011879865
0.8798805970149235
0.8398792792613308
0.8398805970149236
0.8398832854315618
0.839878651819327
0.8798806684004408
0.8798805970149235
0.8798819147028927
0.8152867640288026
0.9598805970149236
0.8798789537287628
0.9198824091778186
0.9198801394004967
0.6773197695886559
0.9998810281371232
0.9998810281371232
0.9998805970149236
0.9998834418104718
0.9998809893655138
0.9198805970149236
0.9998805970149236
0.9998805970149236
0.4034219849485883
0.9598812581834884
0.9262289747577446
0.41308622523338717
0.8398805970149236
0.7998834089682316
0.8398805970149236
0.8398805970149236
0.7998805970149236
0.7998805970149236
0.7998805970149236
0.8398791564883575
0.839878503459774
0.7998805970149236
0.8398788807819777
0.8398784979669918
0.9558743678149483
0.9198805970149236
0.8798814335758538
0.4682658336272485
0.460298241397807
0.4021995888959823
0.4078721031772688
0.9998820115475496
0.9598805020820687
0.9998805970149236
0.9998805970149236
0.4316467730165622
0.4017788145315488
0.5079618502622795
0.43630079650915626
0.8798805970149235
0.8798818961300803
0.8798821658917035
0.8798801060691817
0.8398805970149236
0.9998827757371174
0.8766042257458944
0.9598768226939052
0.9998805970149236
0.9998805970149236
0.4634272628052666
0.9998805970149236
0.5023219026936143
0.9998805970149236
0.9198810171117846
0.8398821525681998
0.6703253475592293
0.6703253475592293
0.4140453388576502
0.9998825479895315
0.5611432935020858
0.4064143231209884
0.8992397483876091
0.403001306799089
0.9998805970149236
0.46391487212186205
0.4025071616687554
0.4098987463041575
0.6627928908731856
0.6627928908731856
0.6627928908731856
0.9998805970149236
0.7490026415777086
0.6687938952535195
0.9198805970149236
0.9198805970149236
0.41727154226030105
0.8398805970149236
0.7998803919022823
0.7998805970149236
0.7998804260270278
0.7998805970149236
0.7998805970149236
0.7998805970149236
0.799879940209266
0.7998781096257996
0.7998805970149236
0.7998805970149236
0.7998805970149236
0.8798805970149235
0.8398796413072604
0.7998822718417486
0.7998853613243411
0.7998790238059572
0.7998805970149236
0.7998814808902883
0.8398805970149236
0.8398807875680726
0.8798805970149235
0.8398805970149236
0.9198805970149236
0.9998814312091404
0.9998814312091404
0.4147568168599204
0.4147568168599204
0.9198840741701746
0.5451784175224073
0.5451784175224073
0.42819103727878083
0.9998812471434516
0.4072122919854764
0.4072122919854764
0.4072122919854764
0.42270314974485307
0.44087482448856347
0.9998840996168564
0.5028549607692996
0.9198805970149236
0.9998803927224963
0.9998803927224963
0.875075525269732
0.8798805970149235
0.8798805970149235
0.999883488163019
0.607288846463622
0.9998805970149236
0.9998805970149236
0.9998805970149236
